774.81
776.445
775.253
769.318
769.172
758.1
753.784
760.623
761.57
764.729
772.098
759.615
768.982
762.584
768.953
749.75
765.853
758.675
763.04
753.938
740.835
761.922
748.117
747.405
763.457
773.778
780.55
746.13
761.958
778.082
756.226
764.546
759.649
774.582
773.017
762.696
766.142
765.16
766.476
749.589
737.028
708.303
686.203
748.164
767.44
763.816
774.018
767.322
770.838
776.307
776.582
776.54
778.079
774.426
767.874
772.402
739.462
658.291
713.792
698.872
717.216
751.03
759.748
766.873
757.736
758.162
754.186
771.204
769.217
770.016
748.218
763.015
769.018
759.658
769.257
764.736
770.934
778.717
748.65
754.843
778.513
782.114
781.454
781.556
780.36
769.612
766.639
773.357
765.123
711.976
714.179
766.66
764.924
767.299
769.083
770.717
751.433
758.295
776.168
748.383
776.643
777.052
745.269
763.384
780.117
774.781
763.22
777.327
751.486
775.71
776.278
782.845
782.02
779.185
780.868
776.679
762.698
771.762
747.828
754.211
760.617
721.442
736.961
758.152
732.881
753.665
744.899
750.573
749.126
753.887
749.763
753.261
759.723
750.902
751.045
762.697
759.984
753.716
744.558
768.993
770.738
760.499
748.056
730.406
699.881
730.213
754.615
764.093
768.287
774.891
772.672
775.874
767.719
742.803
588.214
651.668
745.234
623.433
475.508
562.13
520.887
460.648
487.346
616.198
443.056
403.134
774.003
716.328
675.605
606.583
727.348
607.303
578.499
616.247
614.097
539.133
625.348
613.796
560.194
573.899
512.464
592.963
652.415
635.278
344.617
428.343
415.211
363.507
511.727
479.153
516.635
529.485
464.608
577.297
467.441
537.499
548.099
574.695
473.873
524.686
627.584
582.991
572.174
483.444
493.073
474.419
436.966
451.245
673.668
750.984
687.341
595.006
525.823
630.662
577.4
577.504
591.425
586.445
569.231
480.878
539.502
513.791
778.348
773.452
766.887
758.735
769.006
771.879
773.323
772.864
771.312
767.977
769.557
752.885
757.757
758.698
761.325
777.746
779.072
778.116
769.334
749.05
774.059
781.555
774.082
758.937
735.202
757.433
748.355
744
749.044
780.57
752.279
680.147
708.581
696.409
649.463
664.713
771.467
784.958
790.165
786.304
788.125
786.412
785.49
778.916
765.012
777.874
770.437
789.003
351.07
470.545
433.879
590.568
590.609
458.674
683.872
640.237
753.549
710.396
685.068
594.884
552.212
657.001
675.52
731.698
677.984
675.268
738.548
669.842
654.338
711.006
626.561
591.716
595.047
451.969
615.046
684.277
761.544
776.477
770.621
779.727
782.001
781.486
781.35
762.453
765.504
767.874
765.708
763.706
764.544
758.457
769.11
738.339
777.431
773.697
777.205
785.87
775.401
779.284
775.196
780.795
782.693
772.639
781.027
736.805
784.533
775.924
763.759
779.679
766.492
751.941
776.313
776.465
742.929
733.846
779.846
762.407
782.396
782.773
706.278
754.575
760.371
736.902
739.282
748.021
763.467
724.604
723.356
726.278
746.576
742.911
748.2
755.705
619.192
716.921
713.468
586.337
761.92
774.244
782.188
779.327
771.679
779.108
725.935
770.365
779.567
783.055
781.049
784.68
781.142
768.075
760.238
763.191
764.334
776.5
759.227
761.891
334.611
412.922
551.732
597.937
578.552
684.705
698.783
679.428
617.352
719.936
705.018
668.685
631.445
704.881
688.731
703.309
648.172
675.922
648.31
599.9
636.306
725.669
721.479
730.31
728.521
757.359
763.36
753.659
775.763
643.482
461.788
599.143
709.895
726.153
681.678
712.137
726.974
751.483
725.337
733.513
714.295
742.923
724.558
730.054
729.841
707.553
714.352
720.764
654.638
636.095
735.904
747.592
756.119
701.929
770.026
745.385
752.389
760.382
772.061
769.952
772.85
772.984
772.846
770.696
747.031
740.169
714.458
759.852
753.56
755.707
763.579
764.7
776.377
759.681
740.551
743.566
741.785
758.553
779.161
777.027
783.346
773.842
776.152
781.067
782.702
784.847
783.009
783.124
786.032
787.174
789.429
788.275
789.188
782.736
781.981
777.321
777.596
779.822
778.593
776.47
752.355
770.858
775.387
769.087
775.687
778.018
765.938
744.362
726.552
728.934
728.928
746.409
749.502
750.742
746.776
739.902
726.429
744.864
741.542
750.447
763.56
767.58
749.039
734.654
764.059
776.774
767.078
759.189
769.311
760.562
763.413
773.586
748.007
734.009
743.678
740.322
726.21
756.985
762.379
758.536
760.599
765.244
762.413
750.837
750.65
763.451
705.158
693.604
729.232
703.127
741.857
761.135
779.291
772.28
760.464
775.594
768.086
761.501
757.522
769.572
699.239
737.049
737.427
768.888
779.512
739.805
701.116
755.672
730.08
778.927
775.32
771.969
780.717
775.876
778.769
777.234
777.192
777.392
766.616
772.565
777.08
777.199
771.146
774.771
778.583
774.619
771.028
780.121
754.439
754.77
727.6
755.233
760.735
745.093
761.739
748.595
755.232
759.288
753.557
748.627
731.629
708.382
693.039
747.113
730.857
734.452
733.966
727.399
743.816
716.98
691.446
686.397
701.836
698.866
698.591
694.499
589.446
700.611
694.742
599.732
616.613
619.893
649.441
435.047
518.775
581.071
585.824
571.381
547.321
602.288
638.708
617.568
653.859
675.511
671.027
646.351
649.363
701.325
732.922
660.788
767.307
752.42
748.134
735.92
701.804
685.405
721.934
680.362
662.136
651.187
609.013
535.267
501.325
350.12
470.48
569.979
615.831
346.738
627.293
654.426
622.765
490.229
391.438
361.564
337.929
470.247
548.137
475.981
500.765
521.21
582.487
583.271
573.968
464.66
366.313
527.57
598.783
577.681
583.65
659.992
703.745
700.93
721.188
725.292
722.602
725.157
719.05
701.29
692.53
668.766
714.778
727.779
704.646
706.953
680.623
737.484
710.397
703.037
738.689
756.955
711.265
695.83
669.801
719.5
561.675
737.667
739.073
651.221
722.664
674.198
630.707
673.615
611.02
661.582
661.866
652.862
715.337
711.191
709.703
689.155
669.579
674.35
675.889
704.023
718.936
724.827
723.833
766.323
750.58
765.229
768.601
758.767
747.702
739.836
718.936
730.866
684.194
627.783
655.602
747.725
729.685
732.189
765.528
761.323
757.013
763.111
757.871
753.921
758.042
761.039
761.88
747.656
758.953
732.818
766.379
750.678
764.146
759.779
761.133
741.575
758.33
727.592
727.176
743.565
747.884
750.489
767.613
715.35
760.739
757.756
762.196
767.545
766.066
745.791
738.408
759.614
757.973
756.917
758.348
752.66
760.675
768.98
770.654
761.99
764.479
755.285
761.034
767.192
767.349
761.736
770.119
764.323
763.63
743.594
760.334
743.73
756.008
755.719
731.008
745.251
748.188
757.81
745.933
761.646
714.71
604.525
528.378
652.995
682.182
700.795
647.304
765.265
771.275
772.585
763.401
763.233
758.739
767.548
754.051
713.749
716.937
730.27
743.769
747.015
745.173
747.207
761.967
763.361
758.08
754.027
762.162
761.696
764.073
756.486
773.169
764.599
769.148
759.654
764.94
757.403
733.726
768.459
768.208
757.027
759.181
759.767
750.554
762.054
750.364
745.313
725.229
744.73
677.433
720.961
742.729
763.421
760.061
726.6
672.333
707.434
748.644
730.838
740.993
743.701
739.28
745.271
734.942
676.257
694.077
718.198
754.446
735.841
715.979
675.733
734.769
755.023
764.875
767.045
734.863
743.793
764.276
769.837
767.028
763.727
767.297
762.154
765.073
766.015
770.648
769.887
768.428
767.262
766.341
758.135
744.432
751.423
758.539
762.957
764.076
763.437
765.234
769.25
767.354
769.203
765.488
771.609
769.858
766.958
762.502
757.824
762.651
771.493
764.827
760.386
752.974
722.233
714.066
716.973
730.452
721.092
725.436
703.742
670.934
722.224
680.065
644.471
670.388
677.076
754.538
753.791
751.27
757.396
753.197
715.226
739.296
649.226
679.312
720.688
718.867
746.61
747.172
727.206
765.049
712.567
747.729
754.096
769.024
743.562
749.457
739.087
750.513
764.634
762.806
755.491
759.919
759.222
770.562
765.524
746.493
767.617
753.782
774.396
765.042
761.334
764.122
774.245
771.582
774.186
771.879
767.779
767.341
759.36
760.7
757.743
745.853
756.628
765.253
760.118
745.72
753.013
740.261
731.358
739.783
740.275
782.889
758.357
781.081
783.903
790.737
781.992
784.493
784.337
782.832
784.993
787.129
775.756
779.281
790.726
788.099
790.484
788.854
789.391
786.54
784.987
782.629
779.651
781.664
784.992
786.959
788.208
788.365
786.426
775.936
774.881
768.871
756.653
767.066
756.332
733.92
760.349
729.166
751.715
722.529
775.948
779.728
781.441
787.487
749.309
781.46
787.213
779.325
783.241
781.713
754.466
757.476
727.751
760.141
768.62
774.142
774.841
782.344
777.792
780.529
780.609
779.551
777.07
755.61
761.894
770.282
750.036
763.624
761.527
768.246
776.751
771.153
776.613
781.129
780.072
777.301
780.915
777.961
773.358
784.973
783.124
782.197
785.012
786.159
785.517
786.108
780.93
783.849
783.953
779.912
782.705
783.783
779.334
783.366
779.591
780.666
781.407
786.459
780.752
787.117
783.417
779.838
780.805
780.243
775.073
783.041
784.787
785.144
777.792
786.68
789.138
785.966
786.657
781.699
758.597
784.205
785.062
772.605
780.319
781.071
781.518
783.419
785.327
786.236
785.099
784.588
756.642
737.295
768.716
763.268
749.334
767.845
774.523
784.47
772.875
779.454
780.579
780.315
781.986
786.614
787.649
786.067
785.452
787.602
785.362
786.429
786.778
788.075
784.243
781.318
776.524
778.94
775.22
777.863
774.699
770.667
779.121
779.762
778.38
779.938
779.995
779.665
779.151
780.823
770.04
781.153
777.849
775.635
777.735
781.492
769.351
774.008
768.924
762.142
775.286
764.415
780.394
775.305
769.482
778.914
765.306
765.859
762.187
762.075
766.128
763.153
757.081
744.742
749.297
763.552
762.079
757.278
756.397
757.214
745.039
735.368
756.416
755.39
759.256
761.153
753.46
743.355
737.294
748.399
752.212
758.135
757.711
753.847
753.465
745.195
751.023
745.447
745.029
740.827
742.316
745.072
739.357
732.957
738.376
747.032
749.163
760.552
742.771
769.549
780.211
781.481
783.567
782.89
778.174
782.393
783.569
775.845
780.769
773.792
774.428
774.223
771.162
772.063
762.324
762.081
767.965
767.818
768.998
764.634
762.623
755.05
766.418
758.385
760.596
754.376
755.213
754.864
750.247
757.244
757.538
758.913
739.83
763.186
755.832
744.148
746.237
755.297
751.365
762.637
776.005
744.845
751.79
733.819
732.551
716.597
745.03
727.967
702.474
725.908
715.342
673.721
715.997
732.217
747.958
740.479
742.94
747.409
728.098
761.943
764.987
764.298
753.235
727.762
694.065
624.696
691.536
739.935
723.832
753.607
761.26
772.111
772.492
774.75
746.884
783.823
770.803
758.355
744.528
748.475
747.828
693.321
749.278
726.41
714.785
724.697
698.892
734.989
700.623
719.445
704.862
717.866
700.528
717.535
724.404
717.743
678.331
738.281
752.618
719.466
730.059
679.77
684.835
681.801
704.666
696.146
677.482
623.254
576.77
636.261
662.962
646.277
601.07
462.09
596.781
570.052
716.596
727.719
737.593
737.701
728.58
733.108
738.653
726.773
738.213
739.03
743.749
725.943
741.583
741.888
737.042
722.997
726.462
711.884
768.575
758.866
777.153
758.441
702.645
728.56
742.051
751.348
734.311
753.055
741.056
731.739
743.678
741.755
754.546
768.289
782.58
774.694
769.339
753.667
747.816
744.809
767.991
771.218
769.471
782.983
774.608
775.154
779.027
771.79
764.553
752.67
701.596
741.136
752.499
770.394
783.732
779.078
770.747
770.806
773.616
777.771
777.804
771.05
776.681
777.58
774.507
769.27
779.825
774.801
754.782
773.44
746.302
734.397
769.456
785.842
778.225
775.914
781.213
782.711
780.348
781.112
782.555
782.321
786.825
781.377
785.151
773.235
774.813
767.081
771.096
787.314
779.406
764.443
775.514
785.875
788.277
791.42
785.803
768.71
772.439
777.784
786.187
765.498
746.784
769.256
769.418
776.099
776.841
766.902
740.655
780.537
785.438
774.176
707.68
721.68
747.033
753.872
772.156
726.63
732.064
759.66
766.565
774.079
777.845
786.071
780.286
779.805
775.255
782.898
777.661
760.81
780.029
767.223
773.405
779.873
781.91
769.367
772.713
768.09
767.613
769.916
773.722
768.092
781.735
775.561
771.799
769.778
718.098
710.622
632.309
720.109
728.361
745.739
763.026
767.551
768.761
768.371
759.695
749.643
741.701
744.996
758.103
757.771
758.172
759.809
771.091
767.648
772.555
772.272
773.316
762.97
759.802
736.137
721.72
734.669
721.458
739.107
732.898
733.504
739.773
735.82
692.396
719.499
712.154
686.904
704.842
720.823
713.915
725.777
621.993
693.582
673.476
646.488
629.639
723.149
733.672
721.809
729.526
733.417
700.89
622.043
636.107
736.032
720.848
672.665
636.283
740.267
750.179
730.12
755.217
782.938
782.753
777.865
780.401
774.947
767.731
741.393
596.641
625.612
668.597
643.222
665.712
688.08
659.073
651.199
633.852
676.769
679.953
686.484
673.148
684.996
687.603
661.068
721.701
606.199
716.259
727.526
739.457
707.478
698.142
644.957
696.93
700.076
719.16
730.213
740.38
726.985
741.379
731.392
716.401
727.158
718.843
715.781
710.429
714.935
720.421
712.6
713.889
732.037
737.928
725.163
740.543
731.995
740.921
703.864
713.425
718.98
713.087
718.766
707.254
711.457
708.455
706.69
712.62
723.226
723.463
733.513
733.461
703.412
724.328
735.397
734.896
743.366
755.712
734.885
748.66
754.289
759.633
752.617
768.792
776.87
784.953
783.829
782.031
764.312
765.789
776.697
783.193
784.523
771.794
780.125
732.496
685.91
702.04
703.011
723.365
601.14
658.117
640.764
571.139
679.374
558.348
538.396
716.543
744.763
697.516
684.401
735.165
685.812
666.649
724.76
550.244
698.502
694.589
740.73
736.683
750.091
687.731
670.516
599.528
710.968
767.272
769.756
771.955
765.003
769.122
769.851
774.379
779.053
783.569
778.682
779.888
774.272
764.824
774.315
777.704
780.372
782.958
757.041
787.98
791.853
790.531
791.488
790.047
783.247
786.555
791.023
789.609
791.927
791.788
794.279
786.994
793.377
792.093
796.199
791.4
776.323
760.85
729.719
664.861
682.967
657.867
638.704
729.336
719.792
676.876
668.27
723.354
666.165
752.761
728.366
653.405
584.722
608.027
592.725
628.461
621.181
708.92
708.912
702.428
628.202
698.177
734.694
732.591
703.017
719.754
724.604
712.332
728.438
735.401
737.088
725.337
742.934
747.081
749.223
730.83
725.762
735.744
714.545
715.095
728.314
722.304
701.523
739.295
753.695
711.135
747.709
731.66
731.942
725.664
743.031
737.092
731.39
703.987
716.849
702.69
697.275
714.87
723.758
693.779
645.179
700.802
734.123
713.516
742.275
712.282
693.951
695.488
701.421
702.274
723.454
698.345
681.945
682.814
717.464
711.65
595.02
709.144
690.68
676.255
613.662
678.219
688.602
680.109
708.167
692.188
702.113
739.101
724.591
727.991
679.802
696.824
705.283
677.892
694.784
694.868
755.622
749.365
734.715
751.555
744.858
761.533
762.935
776.967
750.617
684.759
692.93
707.062
702.546
687.31
753.864
741.529
702.428
651.058
672.407
658.429
691.51
699.264
722.687
702.314
705.971
717.476
683.867
732.838
732.853
730.249
737.426
745.306
740.585
746.974
749.235
732.314
719.836
728.129
719.214
637.001
747.553
734.753
699.174
698.401
675.951
673.937
684.108
681.624
660.386
662.502
651.514
657.481
669.762
666.755
626.053
675.537
717.272
698.65
688.793
676.168
625.979
624.843
617.309
637.721
666.754
695.814
716.371
746.067
720.598
714.199
728.431
744.107
769.292
777.955
778.794
775.32
770.055
727.297
740.632
727.521
757.822
764.175
773.635
767.216
774.114
770.081
769.214
774.46
768.992
754.654
764.908
770.249
767.625
763.751
761.624
754.522
756.911
776.208
769.383
771.567
753.679
739.14
713.167
761.631
716.813
724.412
673.221
698.359
717.616
753.602
760.562
767.141
775.051
772.992
762.256
767.296
764.659
772.052
756.077
754.163
749.235
740.398
758.046
696.21
716.648
730.023
725.809
689.708
641.795
605.761
648.302
727.755
755.785
716.05
714.001
461.937
477.642
594.653
620.406
587.868
677.847
687.368
689.967
720.639
738.419
753.771
772.536
784.219
751.72
568.344
666.808
666.901
654.779
670.629
748.235
727.002
709.158
650.736
750.574
749.536
689.036
694.517
618.643
662.495
701.583
692.18
563.036
621.674
598.955
623.628
605.867
563.22
637.589
700.119
708.267
710.14
771.867
765.637
770.078
741.398
737.925
729.767
680.359
725.692
719.111
728.937
718.132
688.682
672.379
688.649
686.235
717.033
707.561
721.135
671.538
716.468
744.181
752.278
758.789
765.679
738.794
753.636
755.266
758.502
756.137
761.254
760.345
762.829
762.118
766.523
775.055
771.59
777.997
773.444
773.9
778.264
766.083
779.683
773.106
776.95
772.96
775.495
777.054
771.316
781.145
784.863
781.9
779.627
783.551
778.194
777.044
779.699
780.092
782.399
775.512
