-32.5392
-28.2336
-13.6773
-102.333
-115.734
-171.517
-190.372
-157.683
-156.905
-134.421
-79.2068
-173.445
-126.83
-168.894
-137.834
-200.967
-134.842
-171.03
-177.782
-193.181
-249.452
-175.013
-215.268
-224.783
-155.031
-99.2376
-16.8001
-230.075
-166.629
-57.4788
-211.038
-164.201
-181.243
-100.352
-103.271
-175.217
-139.905
-77.1985
-39.7533
88.778
141.539
183.053
237.8
27.4883
-140.199
-173.486
-85.0162
-31.0603
-19.8336
-26.5047
-34.93
-14.3379
-17.2131
-93.5838
-103.964
-29.8188
-205.396
-400.523
-319.908
-349.392
-308.581
-229.458
-202.663
-172.396
-205.31
-185.841
-197.102
-137.616
-147.445
-147.211
-207.447
-182.408
-153.513
-172.252
-143.413
-157.438
-83.2372
21.9635
-100.249
-107.289
-25.2315
-56.0745
-26.0434
13.8723
-13.5567
-89.9859
-112.778
-10.9922
-33.0598
-98.0995
-117.657
6.95042
111.545
66.3625
71.466
-24.7072
-10.5356
36.2284
36.4679
-132.678
-18.8749
-53.0399
-204.455
-84.832
-49.7781
10.5545
13.7351
-30.9804
-96.8886
-41.819
-56.9006
-44.0211
-52.2954
-50.4985
-24.9766
-76.4914
-158.054
-106.521
-217.745
-156.985
-118.725
-212.87
-177.331
-99.5958
-195.151
-114.664
-139.243
-166.999
-178.71
-111.455
-119.654
-162.152
-84.5074
-168.35
-99.8008
-45.4668
-52.0655
27.2286
-54.7135
-64.4155
-36.8557
66.3151
167.182
247.34
326.817
235.019
47.5008
38.7419
86.7233
47.8085
55.0546
22.987
-43.0171
-31.2668
-147.084
-162.933
62.8464
-48.8082
-206.87
-116.597
-84.5067
-101.682
-137.355
-55.6336
-116.112
-99.4967
-37.225
-86.2179
9.56511
-53.362
-216.279
-184.291
-68.4594
-33.2922
-43.8143
-234.329
-109.13
47.6226
20.4157
-24.5835
51.0814
-67.7094
-110.502
-274.136
51.4313
-45.7721
-44.4022
-115.805
-59.8052
-26.8072
-11.7743
-71.2955
-36.1663
-141.439
-67.751
-60.4197
-120.458
-129.15
-67.3879
-71.3855
-70.6228
-137.034
-75.7637
-35.2149
-92.5663
-17.6429
-51.6579
-83.305
-42.4409
-20.6155
-21.4468
-133.604
-178.416
-68.1993
-61.8981
-24.3723
-102.908
-62.9307
31.775
74.2956
33.4258
35.507
-50.1754
-99.3493
-79.5754
-103.622
-101.608
-82.4133
-107.449
-101.288
-54.0574
-50.8159
-41.9982
-32.9353
12.5183
15.2235
-51.0628
-68.6951
-45.9772
-59.5088
-74.8146
-116.629
-74.1457
-87.9086
-44.4281
-96.9696
-108.965
-90.9235
-116.749
-96.6377
-123.297
-102.147
-130.79
-113.111
-103.107
-103.294
-102.96
-119.601
-128.269
-98.6259
-45.0629
-114.425
-72.9367
-107.499
-84.6986
-91.1584
-136.201
-111.728
-137.443
-47.0831
193.583
205.913
358.741
143.619
208.845
508.571
163.783
133.112
36.4833
222.412
326.55
437.778
504.519
394.411
361.976
-180.19
258.112
211.021
237.124
238.913
84.3706
-3.3217
30.0399
-22.3952
-178.627
249.589
85.7788
130.826
32.6736
52.2672
79.649
-12.8407
-2.3106
-10.9816
-59.2686
-185.87
-153.428
-84.5229
33.4409
71.2778
56.687
8.6345
4.94583
-173.179
-82.8772
-60.6706
-50.1835
-54.0234
-44.312
-87.1965
-117.871
-73.4763
9.00583
81.4217
-3.41756
177.029
51.5528
104.254
106.552
-1.74663
78.5487
110.136
85.1876
68.0596
106.124
154.377
51.322
72.8435
-3.59195
-56.7377
-42.8144
-58.5178
-101.72
-66.4032
-115.998
-138.591
-122.796
-169.306
-191.034
-271.607
-137.085
-174.806
-173.836
71.4364
409.005
236.598
313.776
487.205
51.527
-95.451
-37.7143
-28.4091
-48.1256
-56.8799
-216.194
-146.83
-142.151
-63.0348
-93.9975
-78.6377
-64.8939
-63.5924
26.4029
32.9861
-15.4772
-11.7389
-9.58071
-38.8988
24.1494
69.7416
52.0728
87.3909
-56.7927
55.876
117.523
211.28
352.902
56.1226
54.2501
70.7631
258.624
132.316
118.551
61.1581
201.546
115.771
162.334
267.017
219.175
-84.9232
91.1106
111.737
-165.008
-130.175
86.477
-93.2172
39.3602
82.6147
-270.771
23.6946
50.4216
-10.4289
83.656
-187.638
-171.332
-155.669
-251.554
-174.346
-268.691
-246.075
-138.761
-4.42342
149.46
270.354
273.767
220.849
29.5165
-53.3769
144.113
141.267
61.8752
182.824
112.999
-110.503
-96.3289
-71.1807
-2.24869
13.0079
34.9568
26.5625
-22.1182
35.5873
56.5514
-27.8871
-109.83
61.4215
161.803
112.366
83.6193
122.307
24.0477
106.341
132.244
169.634
180.755
105.537
47.957
80.7103
34.1961
-71.595
52.1278
-3.58542
-70.6212
-75.9936
-105.497
-100.105
-74.5153
-15.7447
13.3381
5.87517
-18.4352
-88.4254
-110.897
-134.803
-149.906
-122.715
-83.61
-5.20189
203.952
135.453
109.244
114.191
109.383
-3.60602
27.2763
-42.084
-96.1267
-130.158
-227.708
-165.004
-178.731
-155.156
-138.429
-138.771
-101.992
-164.695
-176.184
-136.754
-106.843
-115.59
-99.0257
-95.4289
-89.5331
-80.4006
-75.747
-80.739
-84.8197
-103.355
-142.488
-116.307
-190.202
-118.77
-95.8508
-11.8536
-3.52564
-156.397
-147.456
-150.246
-123.67
-125.59
-185.475
-227.086
-229.342
-146.696
133.789
153.331
77.6024
99.4032
109.629
32.8516
-59.3648
-123.111
-178.036
-106.929
-159.413
-182.292
-210.007
-157.05
-8.7709
-63.6932
14.621
122.495
61.2529
-230.999
-334.774
-211.255
-277.363
-18.4962
42.3224
-30.7628
-25.2457
52.9128
8.06159
-29.1985
56.1933
52.1432
132.086
93.3166
-44.6417
13.7619
78.7688
24.9733
51.2456
-53.0893
-123.689
-9.37428
-83.2273
-74.0843
-107.317
-110.371
-136.042
-216.118
-130.461
-223.778
-202.645
-184.72
-185.495
-227.892
-277.06
-272.74
-229.18
-217.957
-239.454
-235.23
-271.069
-261.633
-223.743
-253.299
-327.855
-352.545
-313.799
-308.018
-301.907
-345.138
-443.359
42.3545
0.66155
152.814
143.535
121.419
79.4594
227.298
196.696
115.878
127.344
103.943
70.8878
125.601
-68.9628
1.27071
-51.2102
60.9148
4.51389
-51.584
-166.059
-66.0164
-38.3298
-169.494
-59.6054
-37.0376
1.41374
48.7113
-80.4492
-110.16
6.90945
-48.0051
-61.979
-275.74
-46.216
-184.133
-358.145
-518.535
-446.376
-311.612
-372.823
-631.331
-133.495
-183.571
-252.174
-229.16
-15.7685
-206.495
-360.865
-571.876
-421.373
247.244
-165.279
-219.58
-58.8728
-141.715
-329.774
-446.686
-459.711
-149.832
-288.428
-306.045
-516.164
-242.059
-315.111
-285.397
-239.796
-125.833
-59.0676
-84.7213
-40.052
-109.846
-118.176
-216.236
-144.438
-147.702
-108.174
-174.071
-180.196
-165.028
-170.006
-221.661
-156.259
-140.696
-278.773
-300.869
-323.89
-122.189
-364.112
-34.4327
-126.37
-279.581
-26.0445
-12.2907
-229.911
-111.21
-270.299
-191.256
-289.844
-241.68
-125.028
-119.682
-81.326
-69.4167
-220.71
-211.798
-237.335
-213.778
-159.352
-99.1127
-163.406
17.6725
20.8623
21.0838
-4.8823
59.5085
-12.9809
-73.7819
-129.704
-93.2933
-165.271
-205.981
-223.559
-144.504
-242.293
-141.402
-62.8886
-93.871
-149.669
-87.8356
-114.624
-162.322
-107.604
-103.506
-97.8182
-150.373
-96.7213
-232.75
-31.9112
-142.223
-63.0225
-115.915
-40.3892
8.36998
81.2947
93.4071
139.603
113.744
156.954
144.194
47.0477
241.939
105.956
143.312
91.9243
83.9738
48.5588
56.3925
72.1172
48.2694
11.1482
40.2739
51.1683
50.9671
54.7883
40.0751
30.3023
75.5182
29.5507
28.2953
53.6282
1.91684
-46.6251
-30.6469
-1.2732
62.5957
-29.8135
11.4719
64.7094
142.003
99.0631
107.477
202.583
182.473
146.859
55.8077
169.977
77.5546
-165.866
-402.831
-473.742
-288.873
-282.953
-254.554
-220.509
24.9458
10.111
10.1855
84.7147
51.1557
113.737
75.6404
152.459
272.245
242.533
224.247
186.483
173.43
158.358
167.463
107.48
93.5177
104.939
111.352
112.235
96.3064
63.6935
153.13
29.3299
9.82019
52.0779
126.754
29.3513
-65.4622
-153.536
53.1012
36.616
88.4138
-41.3844
-16.3056
-72.786
49.1303
137.52
146.405
229.402
-6.85496
-194.45
234.573
174.602
-12.1667
-35.3441
-197.128
-301.471
-241.112
-155.767
-248.689
-207.649
-183.294
-174.416
-174.473
-204.883
-373.315
-344.447
-285.253
-150.979
-196.308
-285.514
-345.758
-231.371
-126.565
-81.7271
-21.0031
185.129
-150.965
-84.2415
-37.7508
-43.9687
-125.964
-64.9583
-115.606
-96.3249
-92.6264
-36.3975
42.6872
-45.6561
-42.3955
-69.0698
-98.8576
-127.592
-112.134
-86.2884
-27.6658
47.9138
83.0715
36.7269
3.25802
26.692
-12.5437
2.24844
-25.0904
13.7558
-2.0332
5.3995
2.986
-12.4618
-33.8463
-93.1638
-86.9636
-122.8
-142.829
-172.716
-184.661
-142.002
-168.398
-152.206
-202.291
-284.175
-121.699
-170.096
-189.83
-100.435
-100.145
-58.5992
-65.8121
-66.9808
5.25355
11.2234
30.5464
10.2096
192.347
175.846
85.4787
115.772
55.1364
60.5309
152.874
11.8582
198.905
101.673
96.217
-27.1087
-60.2587
-46.2133
-42.0701
-73.164
-101.833
-75.1988
-144.699
-85.367
-134.081
-35.3362
-104.071
-180.754
-114.179
-137.907
-97.3343
-108.881
-107.261
-121.222
-101.475
-123.161
-118.53
-152.003
-138.337
-121.298
-153.97
-152.271
-151.066
-190.205
-133.746
-70.7003
-119.48
-122.759
-98.393
-99.5086
-71.8152
-65.6593
-9.5251
-36.0285
-54.113
-45.8833
-40.7976
-79.7203
-117.073
-77.5034
-77.8172
-57.7918
-45.904
-50.0398
-97.573
-78.4932
-47.0213
-117.694
-73.8996
-76.7769
-57.1183
-64.4306
-75.8262
-79.2916
-132.014
-117.309
-88.8321
-91.2442
-61.441
-70.8514
-73.7573
-29.7132
-82.9017
-90.9428
-105.134
-95.3983
-149.201
-115.736
-68.3382
-14.6028
-31.4067
-27.4617
-43.6222
-88.1123
-92.743
-22.405
-178.674
-76.6282
-34.4607
-65.7222
-26.5645
-29.2387
-124.45
-161.867
-225.856
-124.646
-93.8917
-56.5478
-100.971
-80.8721
-89.9892
-106.893
-102.243
-72.9178
-98.1646
-103.506
-117.914
-88.13
-200.919
-160.452
-160.599
-133.221
-91.4411
-140.366
-97.6136
-74.2043
-96.738
-87.2639
-69.063
-96.0311
-150.81
-82.0553
-114.162
-116.026
-109.664
-69.9183
-59.5732
-91.216
-111.96
-126.308
-128.566
-144.012
-139.601
-127.427
-132.602
-122.805
-150.66
-139.493
-135.261
-93.0169
-130.927
-99.4553
-127.887
-158.335
-154.786
-153.507
-170.963
-139.134
-100.181
-156.729
-174.903
-111.013
-95.3717
-126.991
-87.3862
-111.191
-168.973
-72.8994
-68.8536
-70.6281
-52.2894
-86.4858
-104.856
-83.2613
-88.0849
-72.6479
-86.4659
-47.3071
-75.0152
-135.41
50.2878
-14.1548
-9.05609
-12.9215
-50.3161
-50.9475
-56.8978
-113.961
-26.0842
-5.44875
-4.84946
-56.3231
-25.0279
4.00559
6.68294
-14.2556
-58.0776
-37.1528
-39.6899
-44.1661
-103.346
-108.783
-138.053
-127.98
-137.801
-106.736
-132.942
-150.916
-136.949
-134.312
-135.731
-114.028
-124.538
-102.519
-91.0793
-63.8224
-148.568
-120.888
-139.887
-150.725
-127.201
-140.233
-155.82
-149.104
-172.062
-197.259
-135.734
-184.219
26.4191
-137.177
-177.487
-122.609
-191.81
-178.413
-194.03
-210.742
-165.781
-206.62
-222.906
-242.585
-230.566
-183.194
-200.299
-196.595
-220.948
-199.029
-256.564
-273.436
-221.62
-215.531
-198.669
-204.468
-234.187
-256.418
-269.805
-238.459
-232.259
-197.368
-213.44
-230.443
-232.458
-242.073
-227.689
-262.257
-262.178
-269.261
-270.332
-255.086
-265.844
-285.311
-270.968
-242.839
-240.586
-178.343
-260.264
-166.768
-76.4062
-67.7088
-3.67204
-26.0469
-6.30172
9.37389
-19.8656
96.0998
-67.4487
-122.857
-97.0958
-91.4151
-107.43
-75.5436
-138.521
-59.1151
-107.531
-144.505
-21.2946
34.8292
64.0596
44.2168
27.9727
69.8301
51.9618
76.1495
49.8279
61.7385
39.1525
0.385206
14.0501
29.4084
121.456
-54.8115
-153.131
-207.459
-211.939
-180.536
-216.259
-167.842
-116.447
-247.026
-212.471
-278.882
-276.406
-300.577
-179.209
-259.546
-245.588
-205.111
-194.125
-204.929
-145.991
-170.466
-134.393
-142.387
-153.788
-117.266
-112.083
-183.989
-61.6537
-191.841
-191.641
-177.016
-297.845
-297.285
-252.396
-211.488
-194.322
-198.04
-186.505
-142.529
-102.857
-148.627
-251.395
-69.8301
-160.102
-188.846
-261.891
-248.583
-257.193
-381.983
-247.605
-305.158
-338.829
-302.697
-367.813
-23.5854
-331.558
-279.509
-327.459
-314.557
-366.188
-324.59
-326.149
-344.154
-414.009
-286.158
-249.299
-332.315
-301.599
-413.896
-403.952
-391.591
-335.975
-367.338
-225.532
-308.961
-486.603
-383.549
-367.836
-389.24
-392.189
-449.524
-425.124
-403.705
-233.451
-280.691
-259.268
-260.754
-230.317
-238.357
-226.969
-301.835
-260.497
-257.551
-254.033
-284.43
-255.914
-255.296
-272.627
-308.079
-294.736
-338.099
-101.468
-71.0014
-102.428
-219.038
-356.444
-285.749
-255.015
-225.292
-279.791
-239.175
-254.521
-296.035
-262.439
-263.761
-223.661
-173.588
-103.074
-148.419
-161.465
-225.868
-254.816
-268.856
-180.57
-159.523
-155.348
-50.0615
-113.749
-95.9034
-70.9346
-32.0318
-107.179
-152.587
-302.776
189.128
139.117
65.4028
-12.7699
22.3805
27.411
-69.9758
-60.5124
-53.517
-43.5614
-79.0904
-40.6889
-12.9325
-97.0721
-103.239
-63.5208
-112.719
-95.9882
-36.4442
-94.1582
-89.8256
-86.63
-38.4457
4.68005
19.4518
11.4683
18.7138
56.8666
22.5025
13.795
37.6587
-5.91433
-79.1239
-6.24485
70.5183
37.0391
69.6139
-5.10041
-53.3379
-70.2817
-75.234
-83.2011
6.50352
-11.6741
-23.0397
-61.9241
-75.1739
-63.389
-100.269
-71.5952
-211.602
-257.286
-200.112
-195.527
-174.515
-176.668
-212.545
-293.465
-153.819
-109.847
-169.37
-330.688
-300.294
-211.144
-201.206
-76.6078
-172.704
-111.077
-88.8248
62.7073
-31.9903
12.4305
11.8074
-38.2514
34.4816
44.9452
-8.78703
96.4053
-164.12
-1.761
141.573
73.0615
-1.20702
2.99079
-138.656
-125.092
-157.109
-167.245
-157.116
-121.098
-140.507
-35.603
-94.7648
11.341
100.286
283.979
298.61
430.055
-287.158
-270.015
-210.363
-157.629
-143.046
-135.274
-139.828
-145.705
-211.582
-249.453
-240.276
-187.946
-194.29
-186.621
-192.754
-143.951
-162.252
-140.739
-139.911
-131.431
-166.206
-1.89358
-254.878
-292.562
-223.046
-265.868
-236.246
-242.302
-237.119
-212.837
-131.202
-197.332
-174.791
-281.368
-340.179
-217.14
-230.24
-311.572
-232.325
-479.666
-329.703
-334.798
-430.792
-451.537
-276.33
-256.075
-272.641
-217.24
-188.244
-243.706
-336.45
-311.704
-128.896
-185.259
-131.593
-347.506
-98.3325
-195.04
-250.059
-183.829
-74.5531
-88.5628
-166.403
-124.622
-69.7085
136.578
33.5097
-344.833
-289.687
-254.343
-244.795
-280.862
-281.473
-309.909
-303.748
-342.172
-252.193
-238.497
-229.012
-290.576
-288.503
-276.442
-303.363
-219.602
-333.506
-215.784
-206.422
-210.113
-226.174
-236.887
-258.57
-242.536
-241.841
-228.882
-215.755
-188.813
-219.333
-198.918
-229.368
-250.748
-238.508
-245.404
-253.491
-275.658
-246.602
-241.958
-259.075
-256.733
-237.238
-231.521
-250.192
-248.055
-242.692
-225.707
-292.576
-279.87
-259.934
-276.453
-269.354
-275.812
-274.988
-274.822
-274.95
-263.273
-250.432
-265.121
-236.424
-225.081
-232.629
-275.311
-252.828
-257.533
-230.892
-210.4
-279.005
-232.384
-219.112
-204.912
-209.835
-138.663
-129.931
-62.6643
-83.6686
-78.7688
-95.7815
-71.3779
-84.2503
46.6977
-67.9713
-110.266
89.6459
178.157
312.066
317.081
203.259
282.405
481.25
416.709
338.181
336.447
299.363
497.981
534.981
288.973
231.776
339.523
335.867
263.584
303.703
298.364
235.891
405.08
280.005
219.508
13.46
18.4083
-9.79632
-55.0598
107.408
-44.3688
59.9652
130.364
137.626
148.317
90.3664
129.497
92.8144
83.5695
34.1032
-50.1598
-11.3522
16.354
36.4417
89.1268
31.6272
48.2506
82.67
25.0515
204.933
48.9224
-7.8633
11.1246
-6.5294
17.8441
-82.7789
-82.5432
-79.7745
17.1697
-19.3066
57.2292
-40.9146
-101.789
-10.5742
30.7171
17.5444
19.5147
109.167
61.8192
135.109
226.992
242.148
247.542
225.963
181.605
186.619
189.25
195.076
185.574
211.198
109.336
115.775
233.854
318.531
301.597
322.297
292.799
304.598
168.733
169.493
159.525
285.06
196.749
157.446
171.197
205.157
156.734
125.842
136.418
133.297
103.711
105.863
124.671
90.5465
58.0593
80.5228
95.122
117.549
94.1312
109.594
111.958
94.7186
58.4873
29.0067
80.3693
68.1839
99.9029
-10.3037
115.535
114.654
112.75
84.353
100.892
120.704
166.222
171.195
155.712
148.457
195.778
39.7925
136.595
237.525
132.632
146.747
124.63
74.2896
164.565
163.21
157.396
105.81
118.979
128.136
-7.4241
81.957
84.2443
90.5722
92.6856
168.44
142.149
180.222
122.075
46.5309
98.3557
76.5974
53.2254
26.3612
128.187
146.473
11.1532
0.628885
3.02342
173.625
161.17
184.613
253.972
233.674
215.22
177.865
143.529
181.94
97.5539
119.428
46.8641
66.4406
110.169
6.8967
-25.2041
-62.8359
45.6474
84.6642
103.327
80.3027
78.9289
134.726
201.539
168.311
184.374
125.912
173.145
105.733
149.43
150.955
151.082
89.7047
84.7012
153.757
141.95
109.604
122.251
106.23
126.961
131.698
156.48
211.029
210.033
245.443
350.907
191.464
237.91
196.223
263.882
304.985
310.718
294.397
318.716
357.018
355.263
370.213
349.757
335.719
349.221
416.61
327.259
277.618
301.413
210.362
266.29
388.351
373.667
401.981
373.46
279.057
250.468
212.165
169.742
261.093
225.646
77.645
202.956
106.973
37.7475
16.3552
40.3928
74.3612
-43.9565
19.7701
132.119
87.4071
18.272
-6.14009
54.3023
27.8414
79.1539
56.5483
-22.3041
40.4617
-95.5012
90.7708
72.8979
74.8258
75.2803
25.0231
31.31
-24.9425
59.3621
94.3929
95.2187
168.039
212.897
264.037
152.073
223.692
71.6786
-147.588
-96.5737
-100.376
154.634
16.053
48.0769
28.4114
19.4942
149.424
118.745
115.383
100.468
113.799
137.982
115.287
131.856
-98.6136
223.314
53.504
-15.6133
13.2186
-41.5786
20.1167
-41.6597
14.4438
45.7232
56.4649
131.105
219.496
-70.3998
280.961
368.791
286.547
367.525
324.548
209.64
279.343
271.764
119.8
109.63
35.7987
-22.981
187.414
472.075
384.283
392.988
414.549
387.087
205.525
168.969
200.765
101.459
63.4752
172.708
119.048
247.471
33.8677
295.765
242.332
189.152
147.017
145.101
62.1477
261.089
297.249
299.289
216.623
299.33
277.107
266.055
103.945
129.051
108.784
213.167
208.868
222.265
282.316
237.664
272.188
239.169
280.409
307.354
366.214
318.76
341.271
270.8
293.709
250.535
291.002
210.982
168.053
131.608
39.1834
125.585
-199.361
-171.421
-179.221
-178.159
-209.373
-182.805
-196.452
-195.275
-207.487
-200.128
-174.386
-177.105
-152.135
-171.306
-151.527
-137.62
-172.298
-111.161
-132.376
-136.78
-159.692
-126.314
-131.332
-148.396
-117.155
-24.3726
-89.0802
-103.561
-52.3995
-115.782
-127.864
-108.29
-109.848
-101.981
-137.698
