-36.4223
-8.92252
-18.8738
13.7545
-6.21113
-24.2063
-1.88657
-10.7689
-14.3286
-27.9132
-42.9143
-27.3728
-20.6139
-40.1652
-34.4673
-64.6236
-36.2062
-66.2953
-14.2754
-76.7225
-35.9601
-20.9855
-69.7598
-59.2877
-41.15
-40.2176
-19.6778
26.5691
-15.4432
-27.1276
0.333538
-28.4691
-62.2668
-67.0331
-41.501
-48.2283
-73.6022
-124.73
-135.267
-189.12
-209.48
-259.504
-277.15
-146.849
-33.3454
3.32828
-59.6897
-133.012
-112.273
-75.1763
-73.1466
-74.7741
-58.6708
-40.0344
-95.5159
-113.84
11.1848
182.236
108.871
103.29
74.7894
12.7317
-12.4834
-3.29918
-14.9978
-40.8051
-63.1663
-31.9353
-38.0134
-40.9107
-95.4275
-42.1328
-26.544
-86.075
-53.2419
-71.8971
-95.5032
-61.345
-196.224
-173.026
-61.9471
3.22521
15.4687
56.6365
69.0468
134.043
137.472
103.981
158.97
314.376
303.266
130.571
83.6666
118.728
109.415
136.956
201.605
162.846
64.8692
175.349
43.2106
48.398
115.258
140.592
21.8692
-101.244
-141.444
-106.779
-184.1
-49.6997
-12.6965
15.1635
26.5838
18.7052
-18.5672
10.5584
75.6828
76.9181
102.942
129.692
126.511
209.51
190.436
125.717
175.763
114.648
167.91
94.4291
117.722
146.787
150.953
118.28
118.202
123.883
154.239
124.605
124.126
169.969
216.101
76.3783
68.3927
-105.316
-107.568
-40.4742
-47.7766
-92.3987
-135.621
-84.5533
44.8871
20.0014
50.1175
-26.9401
119.766
229.232
492.958
396.203
188.472
457.715
589.205
533.094
572.713
622.281
595.779
470.717
632.827
662.656
33.3013
260.576
382.369
484.978
174.586
463.273
517.403
474.593
477.946
520.292
454.435
470.905
536.443
525.789
572.323
498.855
397.261
360.582
682.871
640.779
649.537
663.354
581.013
606.431
580.641
566.759
614.21
508.928
617.139
555.428
539.856
515.847
613.429
571.102
458.049
503.703
523.199
608.352
598.024
615.538
642.372
625.22
381.033
210.131
370.998
493.581
552.601
459.502
525.181
524.699
501.999
514.224
529.255
606.552
563.327
586.835
104.741
100
160.631
188.927
143.456
133.842
120.484
136.786
157.436
182.165
164.049
234.178
215.469
206.363
202.585
117.542
117.234
127.38
169.69
231.236
128.83
85.1775
150.866
206.834
279.402
214.895
239.847
261.64
229.471
71.5753
218.89
391.276
338.119
362.352
445.456
415.066
139.91
36.8161
-5.4546
25.5691
50.4002
-26.6034
-89.3491
-106.254
-144.227
-93.3054
136.773
-51.0747
-676.987
-594.231
-538.147
-494.346
-468.365
-248.089
-336.077
-402.741
185.608
-239.792
-171.629
-249.372
-191.729
-147.909
107.725
249.615
257.932
245.522
13.258
291.288
406.238
334.346
463.531
509.912
477.051
545.47
471.174
355.388
151.109
7.99509
-16.5096
-2.07944
57.3865
45.7202
-11.3282
60.9378
106.137
133.044
153.432
147.823
169.338
195.218
149.792
211.03
61.0908
117.643
85.9683
-5.02201
128.69
80.6381
61.5859
41.9399
79.2966
97.9414
38.998
-114.385
7.10039
60.7859
105.741
57.1411
115.716
154.557
14.7106
-9.70284
181.249
192.704
10.6274
-137.025
-30.444
-22.2706
-324.616
-191.041
-139.555
-244.151
-215.614
-173.273
-103.259
-240.804
-224.083
-105.973
-176.148
-170.067
-131.831
-123.566
-187.858
-162.888
-8.61325
-19.8255
-168.345
-111.69
-73.0044
-111.106
-141.893
-84.4271
-202.154
-57.2292
14.9397
-67.5794
-50.7536
-59.932
100.691
180.635
193.564
192.96
197.2
147.587
220.418
263.571
-707.561
-660.889
-542.492
-470.688
-510.734
-364.299
-321.684
-314.801
-314.266
-237.045
-325.773
-384.815
-368.216
-298.539
-335.915
-317.89
-371.987
-348.112
-394.162
-419.246
-387.495
-266.015
-282.023
-254.284
-212.198
-138.636
-131.63
-163.892
19.8078
-403.695
-525.919
-465.233
-239.918
163.265
233.496
-210.12
-182.229
-74.7875
-78.5819
-179.853
-149.1
-51.905
-215.328
-271.789
-220.146
-169.501
61.5103
99.5046
405.193
436.97
176.176
122.263
112.004
225.612
16.2768
198.132
194.451
163.959
119.755
124.684
92.3152
127.027
104.627
118.863
212.712
261.039
314.425
194.099
137.857
174.838
152.289
117.192
121.34
165.151
217
176.912
172.664
174.914
99.2026
90.7356
91.9453
116.488
123.5
98.5957
50.7099
-19.9258
-14.7489
-4.58061
-1.50163
57.7217
53.4944
58.228
47.3722
67.7505
67.2239
97.5842
71.6362
63.3261
34.6517
-52.41
-111.351
-66.0551
-5.86301
75.479
10.2913
78.3528
164.693
272.956
306.34
294.949
237.795
217.678
205.495
221.397
249.014
266.644
309.222
234.177
239.419
232.637
199.409
175.717
249.406
292.491
199.048
144.479
196.893
218.559
180.114
203.852
117.169
148.136
202.737
258.655
232.24
261.253
292.918
118.934
85.9795
125.988
144.265
124.205
35.579
-9.34162
-6.44449
52.4925
308.025
317.236
266.591
294.654
209.501
182.022
81.8408
85.3755
113.922
37.7476
-9.36556
-54.9739
-5.59334
63.5723
338.874
266.239
265.372
66.0071
-15.5115
-96.384
-106.822
-16.1434
-8.12044
93.9278
71.2333
111.438
-12.7285
-3.61793
3.85986
57.4903
-0.94488
-0.514185
20.762
4.74002
0.711121
-49.4815
-88.7216
-74.3872
-8.34526
-71.7042
-48.6953
12.8692
185.777
191.254
277.449
158.12
110.864
79.9206
102.13
80.8842
48.1058
50.141
116.155
56.5585
-11.9781
-164.792
-257.373
86.982
172.851
158.794
87.8758
-119.686
-91.4852
-172.491
-148.371
-128.766
-135.576
-149.256
-156.964
-65.7154
-237.673
324.435
336.829
456.16
431.477
440.603
413.179
566.616
526.398
492.359
481.89
506.91
538.181
468.461
442.081
465.004
412.014
372.725
387.51
431.537
411.139
331.012
258.818
377.064
114.019
181.281
203.008
221.149
326.338
358.443
282.066
371.428
401.518
324.993
479.828
540.871
494.706
485.096
445.623
440.181
318.437
311.719
440.087
381.299
396.867
557.553
647.379
645.817
610.307
255.021
354.528
549.527
582.333
554.115
517.719
506.085
436.792
463.064
510.29
555.912
427.23
432.36
144.429
348.732
161.678
184.907
171.666
254.224
277.394
256.942
276.259
311.635
334.7
341.059
284.142
232.886
297.354
278.644
325.68
187.78
252.553
242.245
191.028
125.337
137.107
174.023
232.267
249.14
397.197
231.635
199.619
327.351
279.05
375.852
387.807
359.903
398.933
349.275
288.415
331.748
257.42
272.109
280.393
334.74
321.735
314.344
285.304
231.234
224.938
232.159
197.963
23.9435
-150.037
-73.8502
7.02001
90.112
177.889
198.014
249.905
227.056
322.844
404.289
347.482
134.782
-44.4931
217.023
50.6819
96.3816
39.6343
67.3366
102.087
17.2775
76.9918
32.6748
-46.796
-103.02
-54.8991
79.6952
67.104
90.7659
59.0258
27.6582
-65.8844
-198.137
-61.734
-227.194
-208.659
-158.967
-82.4611
-96.0966
32.6175
-126.625
-9.99393
-13.7699
-72.7927
-39.923
-78.5447
-180.738
-200.002
-117.05
-118.818
-137.994
-128.124
-153.643
-106.072
-42.7851
-11.0731
58.8947
93.9711
149.684
96.3677
80.3878
71.3587
126.931
57.0978
48.0994
127.707
203.192
94.319
-129.123
-89.5792
-90.1532
-113.011
-27.4479
82.6079
113.094
31.8875
67.9111
239.835
245.38
316.58
298.234
223.251
201.893
226.643
62.8054
37.6289
14.5389
55.0709
95.5748
94.1038
70.4711
81.3272
97.2736
128.458
95.0072
85.716
79.1626
113.686
88.0828
78.394
64.352
84.425
111.184
55.5043
76.6406
98.6089
69.3886
-29.4543
-103.316
-20.7336
14.2549
-56.5873
-98.8588
-160.005
-35.6452
-44.8485
-98.816
-121.809
-109.737
-149.23
-92.6519
69.0077
-76.7788
-42.4684
-153.389
-296.228
71.13
-24.6203
-71.705
-84.9244
-144.479
-206.53
-170.561
-88.5365
5.04243
50.1515
93.8009
132.054
71.0922
84.5117
15.352
16.0234
-3.09459
58.4084
-65.4061
-52.1125
-130.735
-79.6556
-62.1486
-55.335
7.64402
111.972
-106.724
-49.3071
-13.8912
-31.9188
5.65802
-9.07573
-4.92076
-35.5097
-24.4514
-29.0002
-7.8826
-21.72
-35.6131
-59.1768
-95.0465
-142.237
-120.079
-101.243
-90.5716
-45.2764
6.82999
26.8126
14.1582
20.5529
-20.8802
-87.7395
-19.8457
15.9881
63.8023
-47.5693
-97.1204
-53.0248
14.9814
31.1334
3.46998
129.981
225.464
232.779
216.803
196.813
212.488
209.178
244.931
272.166
240.385
317.55
376.459
357.108
351.561
116.627
117.825
126.592
-90.3351
-123.497
-247.198
-197.766
-358.207
-306.643
-241.557
-236.498
-160.545
-153.529
-180.944
-65.2532
-186.878
-136.389
-112.612
34.4884
212.111
209.841
222.803
181.854
136.437
131.044
152.236
173.686
170.892
88.429
138.152
183.345
137.772
190.459
-73.9928
-66.3376
-104.521
-100.276
-65.4089
-59.1143
-59.4333
-54.1599
-103.496
-120.409
-141.817
-144.987
-154.115
-154.31
-157.961
-174.977
-168.551
-225.222
-213.412
-253.241
-285.261
-267.633
-248.089
-97.275
-197.977
-123.568
-104.614
-30.6211
-26.0605
-31.1643
-78.7694
-102.673
-92.7122
-81.9446
-109.611
-111.153
-47.9926
-17.438
-8.83115
-26.928
-13.9711
-36.6003
-50.4297
-62.4594
-41.4609
-45.443
-27.4555
-20.8844
-36.2341
-10.277
-23.7741
-128.713
-113.874
-133.512
-172.105
-140.591
-143.246
-251.748
-177.558
-271.483
-212.699
-298.945
-108.648
-59.3041
-46.6996
34.1525
-140.853
-17.6347
3.00581
-87.65
-63.7035
-75.2956
-185.641
-138.553
-190.691
-168.521
-151.617
-104.915
-95.2811
29.3214
40.9229
27.9957
-7.40196
86.5529
-74.494
-177.465
-141.935
-118.665
-114.19
-96.025
-107.051
-101.038
-63.6736
-74.4261
-83.1827
-62.7192
-53.8647
-77.8834
-61.7262
-76.8326
-48.0857
-53.2888
-18.2377
-9.92995
5.8058
-43.3019
-70.9309
-18.5312
-62.86
-4.23167
-2.12805
31.0541
13.818
11.5571
-53.7815
-18.6928
-22.0743
-23.3833
-17.1923
-44.7946
-59.4117
-29.9482
-42.783
-16.6455
6.23093
-1.61164
-35.2855
-11.2612
-50.0418
24.2109
5.86146
32.601
35.1387
31.3262
79.0563
102.291
173.767
77.0879
80.9212
163.33
119.656
106.702
68.8681
43.0898
28.6276
36.2754
0.96312
81.1201
-204.224
-229.952
-139.633
-170.251
-224.527
-161.286
-112.354
-44.3152
-133.52
-34.6788
-95.6209
-111.042
-85.1145
35.2764
-10.8437
-36.5662
-48.6823
-1.21404
24.7022
-14.9817
5.48526
-13.3003
21.6279
50.2268
64.2559
55.2684
94.4609
115.053
97.2163
112.833
72.7058
58.0058
76.7205
91.0144
66.0489
93.2756
121.19
105.444
131.558
70.7319
77.2596
62.8008
72.3676
56.2304
82.3631
48.0513
47.2202
98.7729
84.6083
80.3844
78.812
57.2612
46.1973
81.7522
50.2914
59.474
84.5867
49.0762
112.07
14.3905
-1.55112
108.992
104.457
93.4901
76.0503
114.636
74.7394
122.12
77.3818
99.8089
58.0564
50.4302
41.9108
62.487
41.4916
-9.59677
-11.5367
64.1378
56.9324
89.1939
14.6466
34.4366
17.7783
55.5115
67.3705
41.9422
43.7686
74.57
11.4273
-28.2497
-21.4498
-4.69702
-17.6418
-37.3059
13.8254
-69.5858
-50.944
16.8432
-11.8842
-23.7878
-21.5106
3.48233
-53.3333
2.73619
11.9898
48.0835
38.7773
55.1812
85.5377
85.2886
94.3883
100.744
87.8371
134.227
67.3554
38.5488
107.813
121.471
121.042
164.587
123.499
141.445
140.059
160.088
173.329
170.602
203.184
180.963
170.842
162.576
199.994
151.803
141.283
143.829
118.048
125.745
87.9
74.3182
11.9992
18.6524
-46.5103
-15.0456
-35.5692
-95.4237
-153.488
-128.982
-230.861
-186.191
-231.722
-325.998
-273.784
-209.701
-181.914
-202.76
-188.321
-192.778
-256.919
33.5029
-144.949
-35.4998
-120.976
-199.002
-188.067
-347.903
-252.341
-160.642
-224.639
-88.2255
-53.9768
-14.8845
128.644
17.9841
45.74
43.5143
67.7019
126.279
-4.80243
-36.3713
1.14247
29.3271
37.1107
46.975
66.7477
-41.5643
-2.57022
286.835
126.604
183.031
166.355
135.048
96.8778
92.2212
61.9508
8.19549
28.0809
60.8891
35.0735
47.3482
35.3009
22.1037
-10.4483
-76.2851
-41.2304
-39.0922
-317.993
-345.232
-201.863
-239.744
-193.727
-204.58
-300.518
-420.589
-256.262
-329.308
209.799
108.534
99.3056
86.0429
198.955
164.235
150.895
66.9303
106.123
76.2287
-29.0941
96.7831
53.1309
-18.7505
47.8123
46.548
72.1571
64.8598
101.029
198.835
62.123
18.5805
15.785
87.8699
60.7149
15.5586
56.3257
41.1472
-64.3429
-7.35902
6.91434
-30.858
-37.7541
-28.3386
-25.9936
34.6749
57.6614
90.2134
63.5744
16.7187
-2.7647
-25.8011
52.3087
26.3154
87.1927
92.7584
49.7229
134.022
148.617
173.823
195.004
151.538
150.583
112.273
66.8683
-11.178
30.2886
-53.2458
-65.4725
-11.5514
-13.4396
-70.3699
-28.7992
-35.9848
-44.6402
-77.6876
-23.9856
-35.1773
-165.204
-109.305
-209.598
-255.991
-125.911
19.5119
-106.516
-113.652
-81.3863
-65.5462
-56.8828
-56.0261
62.6239
43.6266
38.7248
41.3553
33.806
116.554
127.685
153.598
164.477
54.5873
-88.9919
-184.965
-106.014
9.36462
49.9957
12.3761
-65.2845
-162.748
-154.161
-107.741
-56.1687
-28.3434
-66.8542
-15.7266
-29.3441
-30.5058
19.598
41.6609
40.4988
4.43221
38.7996
-35.234
-133.208
-131.322
-151.367
-133.437
-141.322
-255.472
-270.13
-191.508
-173.52
-128.18
-116.447
-63.3611
-77.1552
-80.6994
-111.912
-42.0388
16.1376
76.0799
57.8577
29.8487
90.1065
87.1049
41.7534
13.2024
33.6865
52.0422
20.6135
-5.93585
-14.4337
-23.7663
-6.81791
26.5886
-80.4197
-10.3161
10.3669
48.8547
81.7094
-60.0256
-50.7869
-84.7153
-36.2574
-29.0245
15.3374
-31.0726
-89.3944
6.36727
1.43205
-31.3384
-60.9125
-11.2203
-49.1961
-22.7605
-9.78868
46.9314
30.2122
22.8822
22.8939
-70.2184
-175.904
-74.0941
-64.8931
-151.396
-140.394
-111.535
-127.022
-136.991
-143.432
-220.836
-290.939
-243.395
-153.849
-152.334
-249.391
-189.618
-70.1725
-165.362
-40.4434
-161.187
-201.389
-113.408
-96.8227
-125.712
-112.519
-137.965
-171.399
-181.588
-222
-313.087
-312.832
-219.54
-227.91
-372.294
-296.943
-254.122
-149.503
-166.55
-141.598
-82.0503
-44.213
-27.497
-13.3015
52.2794
-31.2733
-133.956
-345.437
-358.891
-311.042
-360.641
-291.71
-242.394
-275
-301.213
-297.807
-295.652
-295.994
-290.491
-272.477
-247.211
-251.597
-287.247
-210.932
-358.734
-238.929
-210.052
-175.97
-251.961
-263.149
-357.96
-272.101
-262.048
-223.223
-198.387
-194.428
-209.127
-177.079
-178.838
-205.354
-183.478
-203.011
-200.152
-186.896
-208.788
-197.974
-202.145
-204.967
-162.334
-137.355
-172.767
-105.417
-160.615
-142.658
-187.806
-179.738
-187.348
-184.839
-174.339
-199.977
-181.917
-194.692
-194.414
-189.006
-168.93
-143.589
-142.512
-163.057
-244.491
-105.227
-98.725
-83.9451
-76.942
-42.1717
-33.2838
-35.4769
-1.87196
-18.8239
-70.8269
-73.2941
-7.80101
10.6939
-19.0336
-43.53
-158.963
-167.492
-98.9734
-14.3054
-68.5666
-91.3408
-103.116
230.903
169.434
126.555
293.391
92.7691
47.1292
92.4637
298.949
402.802
303.443
66.3245
-68.3096
147.55
132.578
136.962
195.862
129.066
241.504
292.208
200.389
377.696
235.767
287.508
283.801
295.451
257.221
395.377
400.243
504.057
312.533
111.205
95.2373
-20.0911
154.976
-56.7537
-122.001
-93.0887
43.2739
-18.4932
-89.1018
-79.0746
-103.324
-143.768
-111.317
-98.5782
-56.127
-76.9894
40.2704
-28.9387
-37.5141
-61.3413
-62.7462
-65.8792
-94.4236
-79.4749
42.3582
95.372
83.7183
52.775
74.8859
115.547
82.191
101.016
81.3508
123.613
142.509
230.222
279.206
365.522
324.814
362.671
395.36
263.125
283.791
369.018
381.943
272.592
373.413
229.259
296.182
383.442
423.347
402.56
406.955
382.319
382.256
317.756
319.52
334.935
381.93
323.456
265.814
260.217
307.961
299.197
300.228
321.62
283.941
280.617
272.699
292.686
261.672
259.421
248.385
286.704
289.489
274.21
314.176
314.885
286.358
301.81
360.831
263.996
224.638
328.975
261.209
266.525
267.463
281.368
249.939
256.101
266.39
306.104
277.874
318.417
336.357
261.809
324.833
352.824
376.317
339.322
250.611
314.969
264.472
299.142
332.589
334.083
343.029
337.624
280.777
372.248
387.737
386.347
318.632
329.528
484.941
314.202
329.793
383.022
495.147
391.735
379.704
402.973
363.891
360.709
332.245
295.962
327.1
317.205
354.644
328.927
295.155
294.63
270.41
286.849
127.546
185.111
190.588
191.623
201.967
182.443
170.814
32.2229
239.293
397.662
382.379
347.213
344.896
366.524
180.516
236.457
304.1
359.249
346.797
370.446
328.031
300.362
280.558
302.649
291.182
262.547
365.223
265.541
204.329
220.947
217.886
181.164
217.5
179.537
170.274
218.276
208.088
185.643
173.841
272.028
124.836
122.529
288.363
213.718
228.728
230.28
224.087
197.565
202.831
200.055
205.682
224.385
202.802
194.372
194.223
207.271
132.127
165.08
291.74
249.191
230.188
248.803
229.016
220.556
276.906
228.298
192.728
148.59
123.655
220.389
294.129
-83.6627
-33.318
40.6138
-2.31486
76.1447
87.7769
-266.151
-231.289
-232.514
-136.708
-136.9
-81.577
-94.293
-43.507
-13.3171
54.4177
-26.1257
86.2048
183.812
78.8317
44.1432
71.8978
-111.484
-147.106
-182.928
-155.569
-2.20913
59.0816
27.4085
74.9196
87.1625
145.468
17.8563
183.08
5.06204
-345.556
-309.331
-273.024
-102.803
-155.575
-126.648
-84.1847
-85.8918
-16.9458
-39.4638
-64.3802
-16.37
147.437
105.881
166.212
179.828
-116.218
242.565
-284.02
-254.339
-283.231
-347.628
-423.597
-460.835
-411.414
-239.558
70.0594
211.289
76.3239
633.512
484.028
282.287
332.01
300.544
140.575
265.307
178.236
12.2542
202.393
171.771
112.221
-5.1801
135.894
-90.7487
-91.1299
38.1212
-73.1745
50.3104
73.0539
205.741
245.957
399.101
181.499
99.3943
307.17
206.721
472.457
197.539
215.243
298.567
499.443
436.976
489.886
371.609
367.926
423.632
374.064
48.9765
136.766
131.489
-16.1418
3.37052
16.0392
80.0188
112.039
129.168
222.701
87.3719
70.0704
85.7436
-2.91565
145.105
72.256
100.798
69.2127
83.6683
68.0924
109.563
223.421
196.032
130.77
127.765
187.433
55.7952
-130.389
-109.14
-106.908
-93.4398
-42.2447
-75.0432
-56.5484
-54.2103
-37.2349
0.384697
-13.5018
-36.0849
-36.4
-48.957
-67.6657
-47.4929
-87.3479
-58.2777
-74.7825
-16.1122
-13.4211
-61.2179
-54.6028
-85.3775
-26.1023
-1.04472
-22.7598
-15.8029
23.2464
2.95595
19.0387
22.1098
22.5616
13.2835
26.4252
