0
0.21875
0.436523
0.655273
0.874023
1.0918
1.31055
1.5293
1.74805
1.96582
2.18457
2.40332
2.62109
2.83984
3.05859
3.27637
3.49512
3.71387
3.93262
4.15137
4.36914
4.58789
4.80664
5.02441
5.24316
5.46191
5.67969
5.89844
6.11719
6.33496
6.55469
6.77246
6.99023
7.20898
7.42773
7.64551
7.86426
8.08301
8.30078
8.51953
8.73828
8.95605
9.1748
9.39355
9.6123
9.83008
10.0488
10.2676
10.4863
10.7041
10.9229
11.1416
11.3604
11.5781
11.7969
12.0156
12.2334
12.4512
12.6709
12.8887
13.1064
13.3262
13.5439
13.7617
13.9814
14.1992
14.418
14.6367
14.8545
15.0732
15.292
15.5098
15.7295
15.9473
16.165
16.3848
16.6025
16.8213
17.04
17.2578
17.4766
17.6953
17.9131
18.1318
18.3506
18.5684
18.7871
19.0059
19.2246
19.4424
19.6602
19.8799
20.0977
20.3154
20.5352
20.7529
20.9717
21.1904
21.4082
21.6279
21.8457
22.0635
22.2832
22.501
22.7188
22.9385
23.1562
23.374
23.5938
23.8115
24.0303
24.249
24.4668
24.6855
24.9043
25.1221
25.3408
25.5596
25.7773
25.9961
26.2139
26.4336
26.6514
26.8691
27.0889
27.3066
27.5244
27.7441
27.9619
28.1807
28.3994
28.6172
28.8369
29.0547
29.2725
29.4922
29.71
29.9277
30.1475
30.3652
30.583
30.8027
31.0205
31.2393
31.457
31.6758
31.8945
32.1123
32.3311
32.5498
32.7676
32.9863
33.2051
33.4238
33.6426
33.8604
34.0791
34.2979
34.5156
34.7344
34.9531
35.1709
35.3896
35.6084
35.8262
36.0459
36.2637
36.4814
36.7012
36.9189
37.1367
37.3564
37.5742
37.792
38.0117
38.2295
38.4473
38.667
38.8848
39.1035
39.3223
39.54
39.7588
39.9775
40.1953
40.4141
40.6328
40.8506
41.0693
41.2881
41.5068
41.7246
41.9434
42.1621
42.3799
42.5986
42.8174
43.0352
43.2549
43.4727
43.6904
43.9102
44.1279
44.3457
44.5654
44.7832
45.001
45.2207
45.4385
45.6562
45.876
46.0938
46.3125
46.5312
46.749
46.9678
47.1865
47.4043
47.623
47.8418
48.0596
48.2783
48.4971
48.7158
48.9336
49.1523
49.3711
49.5889
49.8076
50.0264
50.2441
50.4629
50.6816
50.8994
51.1191
51.3369
51.5547
51.7744
51.9922
52.21
52.4297
52.6475
52.8652
53.085
53.3027
53.5215
53.7402
53.958
54.1768
54.3955
54.6133
54.832
55.0508
55.2686
55.4873
55.7061
55.9248
56.1426
56.3613
56.5801
56.7979
57.0166
57.2354
57.4531
57.6719
57.8906
58.1084
58.3281
58.5459
58.7637
58.9834
59.2012
59.4189
59.6387
59.8564
60.0742
60.2939
60.5117
60.7295
60.9492
61.167
61.3857
61.6045
61.8223
62.041
62.2598
62.4775
62.6963
62.915
63.1338
63.3516
63.5703
63.7891
64.0068
64.2256
64.4443
64.6621
64.8809
65.0996
65.3174
65.5371
65.7549
65.9727
66.1924
66.4102
66.6279
66.8477
67.0654
67.2832
67.5029
67.7207
67.9385
68.1582
68.376
68.5947
68.8135
69.0312
69.25
69.4688
69.6865
69.9053
70.124
70.3418
70.5605
70.7793
70.998
71.2158
71.4346
71.6533
71.8711
72.0898
72.3086
72.5264
72.7451
72.9639
73.1816
73.4014
73.6191
73.8369
74.0566
74.2744
74.4922
74.7119
74.9297
75.1475
75.3672
75.585
75.8037
76.0225
76.2402
76.459
76.6777
76.8955
77.1143
77.333
77.5508
77.7695
77.9883
78.207
78.4248
78.6436
78.8623
79.0811
79.2988
79.5176
79.7363
79.9541
80.1729
80.3906
80.6104
80.8281
81.0459
81.2656
81.4834
81.7012
81.9209
82.1387
82.3564
82.5762
82.7939
83.0127
83.2314
83.4492
83.668
83.8867
84.1045
84.3242
84.542
84.7598
84.9795
85.1973
85.416
85.6338
85.8525
86.0713
86.2891
86.5078
86.7266
86.9443
87.1631
87.3818
87.5996
87.8193
88.0371
88.2549
88.4746
88.6924
88.9102
89.1299
89.3477
89.5654
89.7852
90.0029
90.2207
90.4404
90.6582
90.8779
91.0957
91.3135
91.5332
91.751
91.9688
92.1885
92.4062
92.624
92.8428
93.0615
93.2803
93.498
93.7168
93.9355
94.1533
94.3721
94.5908
94.8086
95.0283
95.2461
95.4639
95.6836
95.9014
96.1201
96.3389
96.5566
96.7754
96.9941
97.2119
97.4316
97.6494
97.8672
98.0859
98.3047
98.5225
98.7412
98.96
99.1777
99.3965
99.6152
99.833
100.052
100.271
100.489
100.707
100.926
101.145
101.363
101.581
101.8
102.019
102.236
102.455
102.674
102.893
103.11
103.329
103.548
103.766
103.984
104.203
104.421
104.641
104.858
105.076
105.295
105.514
105.731
105.95
106.169
106.387
106.606
106.824
107.042
107.262
107.479
107.698
107.917
108.135
108.354
108.572
108.79
109.009
109.228
109.445
109.664
109.883
110.102
110.319
110.538
110.757
110.975
111.193
111.412
111.63
111.848
112.067
112.285
112.503
112.723
112.94
113.159
113.378
113.596
113.815
114.033
114.251
114.471
114.688
114.907
115.126
115.344
115.562
115.781
115.999
116.218
116.437
116.654
116.873
117.091
117.311
117.528
117.746
117.966
118.184
118.401
118.621
118.839
119.058
119.276
119.494
119.714
119.932
120.149
120.369
120.587
120.805
121.024
121.242
121.46
121.68
121.897
122.115
122.335
122.553
122.771
122.99
123.208
123.427
123.646
123.863
124.082
124.301
124.52
124.737
124.956
125.175
125.393
125.611
125.83
126.048
126.267
126.485
126.703
126.923
127.141
127.358
127.578
127.796
128.014
128.233
128.451
128.669
128.889
129.106
129.324
129.544
129.762
129.98
130.199
130.417
130.636
130.854
131.072
131.291
131.51
131.728
131.946
132.165
132.384
132.602
132.82
133.039
133.257
133.476
133.694
133.912
134.131
134.35
134.567
134.787
135.005
135.223
135.442
135.66
135.878
136.098
136.315
136.533
136.753
136.971
137.189
137.408
137.626
137.845
138.063
138.281
138.5
138.719
138.937
139.155
139.374
139.593
139.811
140.029
140.248
140.466
140.685
140.903
141.121
141.34
141.559
141.776
141.996
142.214
142.432
142.651
142.869
143.087
143.307
143.524
143.742
143.962
144.18
144.397
144.617
144.835
145.054
145.272
145.49
145.709
145.928
146.146
146.364
146.583
146.802
147.02
147.238
147.457
147.675
147.894
148.112
148.33
148.549
148.768
148.985
149.205
149.423
149.641
149.86
150.078
150.296
150.516
150.733
150.951
151.171
151.389
151.606
151.826
152.044
152.263
152.481
152.699
152.918
153.137
153.354
153.573
153.792
154.01
154.229
154.447
154.666
154.884
155.103
155.321
155.539
155.758
155.977
156.194
156.414
156.632
156.85
157.069
157.287
157.505
157.725
157.942
158.16
158.38
158.598
158.815
159.035
159.253
159.472
159.69
159.908
160.127
160.346
160.563
160.782
161.001
161.219
161.438
161.656
161.875
162.093
162.312
162.53
162.748
162.967
163.186
163.403
163.622
163.841
164.059
164.278
164.496
164.715
164.934
165.151
165.37
165.589
165.807
166.024
166.244
166.462
166.681
166.899
167.117
167.336
167.555
167.772
167.991
168.21
168.428
168.646
168.865
169.084
169.302
169.521
169.739
169.958
170.176
170.395
170.613
170.831
171.05
171.268
171.487
171.705
171.923
172.143
172.36
172.578
172.798
173.016
173.233
173.453
173.671
173.889
174.108
174.326
174.545
174.764
174.981
175.2
175.419
175.637
175.855
176.074
176.293
176.512
176.729
176.948
177.167
177.385
177.604
177.822
178.04
178.259
178.477
178.696
178.914
179.132
179.352
179.569
179.787
180.007
180.225
180.442
180.662
180.88
181.098
181.317
181.535
181.755
181.973
182.19
182.41
182.628
182.846
183.065
183.283
183.501
183.72
183.938
184.157
184.375
184.594
184.812
185.03
185.249
185.468
185.686
185.904
186.123
186.341
186.561
186.778
186.997
187.216
187.434
187.652
187.871
188.089
188.309
188.526
188.744
188.964
189.182
189.399
189.619
189.837
190.055
190.274
190.492
190.71
190.929
191.147
191.366
191.584
191.803
192.021
192.24
192.458
192.677
192.896
193.113
193.332
193.551
193.77
193.987
194.206
194.425
194.643
194.861
195.08
195.298
195.517
195.735
195.953
196.173
196.391
196.608
196.828
197.046
197.264
197.482
197.701
197.919
198.138
198.356
198.575
198.793
199.012
199.23
199.449
199.667
199.886
200.104
200.322
200.541
200.76
200.979
201.196
201.415
201.634
201.852
202.07
202.289
202.507
202.725
202.944
203.162
203.38
203.6
203.817
204.036
204.255
204.473
204.692
204.91
205.128
205.348
205.565
205.783
206.003
206.221
206.439
206.658
206.876
207.095
207.313
207.531
207.75
207.969
208.188
208.405
208.624
208.843
209.061
209.279
209.498
209.716
209.935
210.153
210.371
210.591
210.809
211.026
211.246
211.464
211.682
211.901
212.119
212.337
212.557
212.774
212.992
213.212
213.43
213.648
213.867
214.085
214.304
214.522
214.74
214.959
215.177
215.396
215.614
215.832
216.052
216.27
216.487
216.707
216.925
217.144
217.362
217.58
217.799
218.018
218.235
218.455
218.673
218.891
219.11
219.328
219.546
219.766
219.983
220.201
220.421
220.639
220.857
221.076
221.294
221.513
221.731
221.949
222.168
222.387
222.604
222.823
223.042
223.261
223.479
223.697
223.916
224.134
224.353
224.571
224.789
225.008
225.227
225.444
225.664
225.882
226.1
226.319
226.537
226.755
226.975
227.192
227.41
227.63
227.848
228.066
228.285
228.503
228.722
228.94
229.158
229.377
229.596
229.813
230.032
230.251
230.47
230.688
230.906
231.125
231.343
231.562
231.78
231.998
232.217
232.436
232.653
232.873
233.091
233.309
233.528
233.746
233.964
234.184
234.401
234.619
234.839
235.057
235.274
235.494
235.712
235.931
236.149
236.367
236.586
236.805
237.022
237.241
237.46
237.678
237.896
238.115
238.334
238.552
238.771
238.989
239.207
239.426
239.645
239.862
240.082
240.3
240.518
240.737
240.955
241.173
241.393
241.61
241.828
242.048
242.266
242.483
242.703
242.921
243.14
243.358
243.576
243.795
244.014
244.231
244.45
244.669
244.887
245.105
245.324
245.543
245.761
245.979
246.198
246.416
246.635
246.854
247.071
247.29
247.509
247.727
247.946
248.164
248.382
248.602
248.819
249.037
249.257
249.475
249.692
249.912
250.13
250.349
250.567
250.785
251.004
251.223
251.44
251.659
251.878
252.096
252.314
252.533
252.752
252.97
253.188
253.407
253.625
253.844
254.062
254.28
254.499
254.718
254.936
255.155
255.373
255.592
255.811
256.028
256.247
256.466
256.684
256.901
257.121
257.339
257.557
257.776
257.994
258.213
258.432
258.649
258.868
259.087
259.305
259.523
259.742
259.961
260.179
260.397
260.616
260.834
261.053
261.271
261.489
261.708
261.927
262.146
262.364
262.582
262.801
263.02
263.237
263.456
263.675
263.893
264.11
264.33
264.548
264.766
264.985
265.203
265.422
265.641
265.858
266.077
266.296
266.514
266.732
266.951
267.169
267.389
267.606
267.825
268.044
268.262
268.48
268.699
268.917
269.136
269.354
269.572
269.791
270.009
270.229
270.446
270.664
270.884
271.102
271.319
271.539
271.757
271.975
272.194
272.412
272.632
272.85
273.067
273.287
273.505
273.723
273.942
274.16
274.378
274.598
274.815
275.034
275.253
275.471
275.689
275.908
276.126
276.345
276.562
276.781
277
277.218
277.438
277.655
277.873
278.093
278.311
278.528
278.748
278.966
279.184
279.403
279.621
279.841
280.059
280.276
280.496
280.714
280.932
281.151
281.369
281.587
281.806
282.024
282.243
282.461
282.68
282.898
283.116
283.335
283.554
283.771
283.99
284.209
284.427
284.646
284.864
285.083
285.302
285.52
285.738
285.957
286.175
286.394
286.612
286.83
287.05
287.268
287.485
287.705
287.923
288.141
288.359
288.578
288.796
289.015
289.233
289.451
289.67
289.889
290.107
290.326
290.544
290.763
290.981
291.199
291.418
291.637
291.855
292.073
292.292
292.511
292.729
292.947
293.166
293.384
293.603
293.821
294.039
294.259
294.477
294.694
294.914
295.132
295.35
295.569
295.787
296.005
296.225
296.442
296.66
296.88
297.098
297.316
297.535
297.753
297.972
298.19
298.408
298.627
298.846
299.063
299.282
299.501
299.72
299.938
300.156
300.375
300.593
300.811
301.03
301.248
301.466
301.686
301.903
302.122
302.341
302.559
302.778
302.996
303.214
303.434
303.651
303.869
304.089
304.307
304.525
304.744
304.962
305.181
305.399
305.617
305.836
306.055
306.272
306.491
306.71
306.929
307.146
307.365
307.584
307.802
308.021
308.239
308.457
308.676
308.895
309.112
309.332
309.55
309.768
309.987
310.205
310.423
310.643
310.86
311.078
311.298
311.516
311.734
311.953
312.171
312.39
312.608
312.826
313.045
313.264
313.481
313.7
313.919
314.138
314.355
314.574
314.793
315.011
315.229
315.448
315.666
315.885
316.104
316.321
316.541
316.759
316.977
317.196
317.414
317.632
317.852
318.069
318.287
318.507
318.725
318.942
319.162
319.38
319.599
319.817
320.035
320.254
320.473
320.69
320.909
321.128
321.346
321.564
321.783
322.002
322.22
322.438
322.657
322.875
323.094
323.312
323.53
323.75
323.968
324.186
324.405
324.623
324.841
325.061
325.278
325.496
325.716
325.934
326.151
326.371
326.589
326.808
327.026
327.244
327.463
327.682
327.899
328.118
328.337
328.555
328.773
328.992
329.211
329.429
329.647
329.866
330.084
330.303
330.521
330.739
330.958
331.177
331.395
331.614
331.832
332.05
332.27
332.487
332.705
332.925
333.143
333.36
333.58
333.798
334.017
334.235
334.453
334.672
334.891
335.108
335.327
335.546
335.764
335.982
336.201
336.42
336.638
336.856
337.075
337.293
337.512
337.73
337.948
338.167
338.386
338.604
338.823
339.041
339.259
339.479
339.696
339.914
340.134
340.352
340.569
340.789
341.007
341.225
341.444
341.662
341.881
342.1
342.317
342.536
342.755
342.973
343.191
343.41
343.629
343.847
344.065
344.284
344.502
344.721
344.939
345.157
345.376
345.595
345.812
346.032
346.25
346.468
346.688
346.905
347.123
347.343
347.561
347.779
347.998
348.216
348.436
348.653
348.871
349.091
349.309
349.526
349.745
349.964
350.182
350.4
350.619
350.837
351.056
351.274
351.493
351.711
351.93
352.148
352.366
352.585
352.804
353.022
353.241
353.459
353.678
353.896
354.114
354.333
354.552
354.77
354.987
355.207
355.425
355.643
355.862
356.08
356.299
356.518
356.735
356.954
357.173
357.391
357.609
357.828
358.046
358.266
358.483
358.702
358.921
359.139
359.357
359.576
359.794
360.013
360.231
360.449
360.668
360.887
361.105
361.323
361.542
361.761
361.979
362.196
362.416
362.634
362.852
363.071
363.289
363.508
363.727
363.944
364.163
364.382
364.6
364.818
365.037
365.255
365.475
365.692
365.911
366.13
366.348
366.566
366.785
367.003
367.222
367.439
367.658
367.877
368.095
368.314
368.532
368.75
368.97
369.188
369.405
369.625
369.843
370.061
370.28
370.498
370.718
370.936
371.153
371.373
371.591
371.809
372.028
372.246
372.464
372.684
372.901
373.119
373.339
373.557
373.775
373.993
374.212
374.431
374.648
374.867
375.086
375.304
375.523
375.741
375.96
376.179
376.396
376.615
376.834
377.052
377.271
377.489
377.707
377.927
378.145
378.362
378.582
378.8
379.018
379.237
379.455
379.673
379.893
380.11
380.328
380.548
380.766
380.984
381.202
381.421
381.64
381.857
382.076
382.295
382.513
382.731
382.95
383.169
383.388
383.605
383.824
384.043
384.261
384.479
384.698
384.916
385.136
385.354
385.571
385.791
386.009
386.227
386.445
386.664
386.882
387.101
387.319
387.537
387.756
387.975
388.193
388.412
388.63
388.849
389.067
389.285
389.504
389.723
389.94
390.159
390.378
390.597
390.814
391.033
391.252
391.47
391.688
391.907
392.125
392.344
392.562
392.78
393
393.218
393.436
393.655
393.873
394.091
394.311
394.528
394.746
394.966
395.184
395.402
395.621
395.839
396.058
396.276
396.494
396.713
396.932
397.149
397.368
397.587
397.806
398.023
398.242
398.461
398.679
398.897
399.116
399.334
399.553
399.771
399.989
400.209
400.427
400.645
400.864
401.082
401.3
401.52
401.737
401.955
402.175
402.393
402.61
402.83
403.048
403.267
403.485
403.703
403.922
404.141
404.358
404.577
404.796
405.015
405.232
405.451
405.67
405.888
406.106
406.325
406.543
406.762
406.98
407.198
407.418
407.636
407.854
408.073
408.291
408.509
408.729
408.946
409.164
409.384
409.602
409.819
410.039
410.257
410.476
410.694
410.912
411.131
411.35
411.567
411.786
412.005
412.223
412.441
412.66
412.879
413.097
413.315
413.534
413.752
413.971
414.189
414.407
414.626
414.845
415.062
415.282
415.5
415.718
415.938
416.155
416.373
416.593
416.811
417.028
417.248
417.466
417.685
417.903
418.121
418.34
418.559
418.776
418.995
419.214
419.432
419.65
419.869
420.088
420.306
420.524
420.743
420.961
421.18
421.398
421.616
421.835
422.054
422.271
422.491
422.709
422.927
423.146
423.364
423.582
423.802
424.02
424.237
424.457
424.675
424.894
425.112
425.33
425.549
425.768
425.985
426.204
426.423
426.641
426.859
427.078
427.297
427.515
427.733
427.952
428.17
428.389
428.607
428.825
429.044
429.263
429.48
429.7
429.918
430.136
430.355
430.573
430.791
431.011
431.229
431.446
431.666
431.884
432.102
432.321
432.539
432.758
432.977
433.194
433.414
433.632
433.85
434.069
434.287
434.505
434.725
434.942
435.161
435.379
435.598
435.816
436.034
436.253
436.472
436.689
436.909
