351.046
350.055
349.53
346.811
345.49
342.909
344.529
346.959
347.97
343.587
348.853
345.266
344.866
342.512
340.04
346.217
345.171
344.05
345.173
340.707
340.928
340.065
342.181
343.077
341.871
345.722
347.892
344.369
342.695
345.724
339.868
342.926
344.275
346.226
346.414
345.356
346.394
355.916
364.045
377.933
395.494
418.778
429.332
386.174
346.445
345.669
352.018
358.925
358.56
356.399
354.436
356.637
355.083
348.202
366.874
359.374
365.023
405.492
363.731
370.022
353.506
347.441
344.95
346.687
344.14
343.756
347.06
346.331
346.279
346.506
347.236
343.475
345.024
345.438
347.076
348.375
354.029
352.412
364.687
361.204
354.798
349.3
350.956
350.847
352.447
356.886
356.046
358.378
366.166
396.358
387.296
360.783
361.751
362.449
359.715
362.883
376.872
374.177
362.355
366.841
359.272
353.798
355.391
359.857
353.658
359.974
370.108
352.725
357.213
351.692
347.697
348.018
347.464
352.018
350.518
350.877
353.358
348.657
357.615
364.563
363.274
377.375
372.386
360.96
364.084
363.133
361.217
357.211
358.353
359.463
358.537
360.052
357.921
358.836
364.71
364.637
366.178
364.614
369.435
358.586
357.177
367.995
370.498
393.478
417.575
383.798
366.321
367.615
355.307
349.11
351.303
347.698
354.229
394.227
466.444
395.846
384.292
481.348
539.942
512.785
535.054
556.967
528.12
480.967
571.831
537.751
362.845
409.041
428.759
482.163
379.55
478.723
478.18
465.278
483.414
491.522
462.676
495.311
517.575
508.847
525.677
476.177
463.11
543.304
645.379
601.469
607.102
569.638
561.557
561.749
526.562
544.134
536.273
470.941
566.499
508.644
523.042
498.334
548.801
496.233
460.966
482.637
498.031
538.579
544.164
582.31
605.271
537.165
404.421
387.624
435.086
482.923
498.441
464.173
496.915
496.795
482.364
491.125
524.103
577.652
537.625
466.285
357.249
362.746
367.94
370.776
363.672
363.199
361.179
362.749
370.828
372.057
371.569
375.501
379.122
379.445
368.878
365.026
363.205
360.581
370.889
383.363
366.58
357.855
365.042
377.266
388.035
375.873
378.416
386.434
376.685
362.48
394.932
419.955
425.797
428.833
457.104
419.735
364.03
354.408
352.129
353.22
352.865
349.192
356.417
359.415
364.969
355.14
361.496
363.161
603.342
580.11
605.869
527.279
510.299
518.293
443.843
439.302
401.779
434.117
453.881
560.913
509.167
453.401
411.475
402.155
440.777
420.172
401.767
418.133
421.677
430.994
464.404
494.536
476.432
568.1
455.432
420.513
376.443
366.919
371.432
362.458
366.075
361.28
356.867
360.39
363.97
376.048
381.464
375.741
372.562
378.886
370.283
373.477
364.019
370.491
360.03
356.486
361.293
356.058
352.664
358.211
363.638
371.122
364.715
380.841
367.227
373.021
380.155
369.009
377.502
388.634
370.452
370.75
380.21
392.47
371.84
378.45
363.14
365.347
404.282
377.298
373.453
384.757
377.168
367.605
366.184
379.593
369.179
354.762
371.457
362.167
357.905
391.558
464.969
415.799
419.931
443.722
388.691
363.832
364.288
369.93
373.241
366.029
365.218
358.29
357.718
362.553
364.139
359.784
367.22
371.627
381.198
383.197
377.844
374.744
383.124
456.705
645.605
612.592
523.982
505.642
493.554
438.028
429.225
450.143
524.078
442.631
417.343
453.377
474.877
424.671
440.355
455.535
472.785
418.8
473.996
500.609
470.937
386.532
409.388
408.306
376.156
366.498
376.082
367.527
372.379
465.355
464.551
442.836
379.61
433.034
459.348
377.057
377.124
364.286
357.571
367.988
355.832
355.5
377.434
391.164
404.718
416.804
400.562
421.886
460.737
472.025
393.921
388.184
387.361
392.501
370.982
377.458
372.035
367.755
363.047
365.392
366.282
365.046
370.86
369.853
382.744
387.483
406.909
372.114
373.087
377.559
371.976
365.876
362.263
372.093
377.027
374.844
376.534
369.161
356.652
360.892
356.846
352.594
353.926
353.596
349.27
348.839
347.011
346.544
348.11
349.494
349.521
352.739
351.15
350.035
351.728
354.253
347.838
352.528
351.456
365.334
385.443
375.503
369.857
369.394
366.304
361.392
372.043
379.838
395.679
393.187
378.178
369.791
373.429
377.531
385.11
384.437
385.142
381.525
378.029
372.676
363.459
366.012
375.994
374.526
371.157
362.787
363.985
365.311
364.953
368.349
362.883
366.371
378.067
395.02
391.362
393.291
401.021
377.623
365.174
372.362
370.891
364.67
357.475
355.487
356.515
380.915
417.951
422.572
395.075
411.622
390.093
378.48
366.956
364.698
366.113
358.664
358.27
358.82
357.826
365.412
410.857
395.823
389.782
370.587
372.302
365.866
355.817
359.002
364.827
364.942
371.212
368.22
365.045
369
366.219
368.077
367.548
372.613
375.403
369.734
367.735
366.634
372.849
373.22
372.044
363.586
363.08
366.273
383.321
378.709
395.893
376.009
370.634
366.53
363.293
365.02
361.353
364.603
364.905
361.609
357.615
362.599
368.937
381.489
380.555
376.127
363.762
356.264
354.5
359.84
353.863
343.674
359.8
354.004
352.333
345.929
393.046
422.401
436.477
481.376
472.848
460.823
465.052
521.415
527.996
492.156
521.868
500.884
530.109
497.678
463.937
458.474
454.74
442.04
448.307
449.935
447.659
413.002
403.511
415.037
369.909
378.721
383.693
393.268
410.63
423.102
406.052
428.14
447.94
459.665
487.29
537.581
559.795
604.687
517.677
487.51
478.612
507.085
462.341
445.3
481.27
542.612
604.254
689.6
650.718
498.047
499.438
550.984
523.592
532.736
492.779
480.772
504.321
560.106
564.952
520.021
471.866
497.821
421.673
455.911
377.89
388.907
378.848
391.548
389.373
389.642
393.483
401.674
420.224
411.84
397.119
391.045
403.682
405.322
406.985
387.076
392.427
407.388
373.274
362.415
381.214
397.48
399.244
401.987
487.861
386.524
376.66
412.022
398.509
423.5
439.052
433.316
464.673
422.936
424.841
431.605
401.687
396.88
411.35
428.746
423.192
423.598
422.74
403.268
398.237
394.151
392.007
370.758
375.52
370.435
369.062
375.379
385.371
389.741
406.262
400.341
434.971
461.2
430.718
370.207
370.012
384.405
363.556
360.928
360.552
366.328
364.938
363.42
363.792
361.186
364.307
360.242
365.057
366.999
366.541
367.354
362.152
363.455
377.621
383.73
390.943
408.447
404.775
385.849
391.341
391.963
374.109
397.202
379.38
381.231
376.282
371.8
381.722
396.756
395.72
375.505
383.805
377.366
375.755
374.773
375.763
368.677
367.124
368.498
369.918
373.03
376.194
369.856
365.996
366.701
366.524
372.38
377.328
378.286
369.237
380.784
380.311
377.135
393.666
380.149
376.335
369.888
376.501
372.54
406.545
508.006
476.848
428.805
411.435
407.934
395.36
368.844
369.047
367.836
372.001
375.396
375.544
371.13
385.359
406.168
403.749
393.382
383.804
382.582
380.996
388.565
373.225
377.085
379.369
380.655
371.72
373.216
371.065
376.658
367.015
368.717
369.644
376.419
369.713
368.154
372.344
372.575
367.821
371.692
372.979
371.565
370.87
373.531
384.148
387.915
400.914
397.024
378.398
385.756
378.46
362.828
366.626
360.947
361.751
361.031
357.236
356.867
362.519
367.706
372.414
362.857
365.069
365.132
357.399
361.211
362.493
357.167
350.367
359.761
359.909
358.036
362.081
366.223
390.558
362.743
355.036
359.008
358.322
356.312
358.529
356.596
359.104
359.501
359.637
364.883
364.669
360.506
363.11
362.603
363.498
362.59
357.699
361.738
366.882
366.865
365.155
363.267
364.173
361.151
361.398
360.213
361.284
363.128
373.536
373.726
367.426
360.048
356.679
363.316
368.962
390.715
395.213
387.351
383.685
390.666
391.32
401.152
418.073
391.411
425.196
433.743
429.004
413.058
373.101
369.589
369.402
368.173
372.34
402.815
391.201
441.269
427.557
400.802
400.172
388.833
401.177
391.865
367.428
400.332
379.941
376.58
366.199
384.995
381.351
371.61
362.603
350.222
353.171
354.943
351.589
346.765
355.775
348.198
347.032
343.385
349.134
344.424
352.881
355.324
352.891
340.116
340.866
341.157
337.01
339.958
347.74
341.484
346.347
345.813
354.445
358.851
356.578
351.99
358.847
360.366
366.348
374.725
372.579
355.769
346.374
349.925
339.379
335.659
335.447
335.141
336.919
339.354
336.856
336.144
335.824
338.339
336.842
335.664
329.613
331.144
332.494
332.355
333.277
333.489
331.621
331.455
331.412
331.623
332.331
334.658
331.962
333.59
337.547
336.664
341.578
347.204
340.353
346.365
362.822
354.4
357.726
362.194
388.947
345.602
334.51
329.638
331.868
337.416
335.602
334.184
339.611
339.783
345.555
341.933
342.532
344.056
344.573
340.826
343.457
336.817
334.537
335.773
333.547
332.568
340.509
334.321
344.298
338.75
337.513
332.824
333.835
335.341
337.188
335.907
332.373
334.861
332.746
331.866
331.656
332.655
331.442
330.206
332.864
330.862
329.373
332.247
332.763
329.253
330.72
329.627
330.76
329.619
331.612
329.546
330.969
330.992
330.834
328.241
328.256
328.155
330.221
330.219
330.898
329.834
329.465
329.027
326.731
327.977
330.094
329.796
328.185
329.981
330.912
331.497
331.614
329.87
335.815
339.577
334.709
335.623
341.179
338.575
334.293
331.406
332.032
329.648
331.783
330.439
337.465
353.664
349.714
350.724
356.16
358.915
345.691
342.574
338.205
342.22
333.054
342.944
345.024
337.978
331.413
336.158
338.055
336.83
334.876
335.506
334.074
332.791
330.503
329.28
329.158
330.499
330.85
335.758
333.461
333.594
335.865
333.305
331.668
332.043
336.217
332.705
332.234
334.772
339.427
340.052
335.559
333.783
335.236
331.897
333.935
333.218
331.73
332.864
339.283
336.085
338.52
335.781
332.43
332.027
329.351
333.165
335.633
333.692
337.587
337.288
331.77
329.324
333.872
334.888
334.477
327.694
334.514
335.416
335.938
331.709
334.793
330.126
330.398
330.038
334.326
333.363
330.284
328.946
333.671
337.144
337.016
330.204
331.555
327.602
326.163
332.8
339.879
337.225
337.284
330.754
324.581
332.454
330.888
328.916
327.39
331.499
327.239
325.867
329.889
330.414
330.518
335.263
333.477
336.013
332.928
333.632
332.755
332.226
332.041
334.957
336.841
336.626
335.744
333.874
336.144
330.158
331.091
341.215
339.297
340.102
338.738
338.492
338.436
340.033
338.507
346.92
347.613
348.162
344.178
346.583
344.322
349.788
339.497
344.895
347.518
340.794
343.078
337.324
334.059
329.106
333.355
332.722
327.694
326.536
332.717
345.001
337.908
363.185
343.721
351.143
366.984
358.502
346.833
347.69
346.97
346.635
348.308
355.453
337.107
339.303
327.26
334.402
340.828
347.349
380.452
344.705
342.545
348.022
332.872
327.063
332.599
340.528
331.064
333.714
334.292
337.307
341.948
333.189
329.693
334.87
334.877
331.84
336.76
336.846
340.04
358.28
360.777
353.77
372.657
374.685
364.909
352.434
347.982
340.977
333.595
345.073
341.408
337.035
341.999
339.877
341.357
331.546
338.935
340.31
334.335
371.011
379.084
330.544
337.106
334.269
327.433
353.282
408.169
355.215
367.664
358.406
350.712
344.134
349.723
362.934
350.325
349.687
342.146
344.218
339.958
338.078
340.45
335.603
332.647
333.903
336.225
342.03
336.378
340.759
340.551
330.576
331.48
342.627
341.668
337.091
334.138
335.997
336.273
329.95
334.686
334.319
333.113
331.924
328.123
332.842
335.447
334.22
337.299
332.634
327.651
332.118
331.084
334.405
330.524
336.78
335.798
333.721
340.825
341.68
349.346
356.064
351.096
346.414
336.769
338.922
333.246
336.918
334.871
334.664
333.049
334.798
333.137
331.522
334.152
333.63
332.992
329.95
333.37
334.565
341.37
348.2
351.322
336.329
334.093
337.756
341.567
340.893
337.84
341.752
337.451
331.778
332.641
332.242
330.204
330.698
341.03
339.577
349.749
338.761
330.639
333.171
338.378
334.035
334.221
332.702
332.079
344
338.228
338.859
334.439
333.399
330.992
329.876
327.562
328.864
326.088
329.082
332.226
333.716
331.286
330.146
329.59
329.194
333.878
337.858
336.748
350.258
367.001
359.861
349.137
350.751
344.786
341.656
338.827
341.046
339.769
338.51
337.768
337.971
337.739
335.397
344.537
336.355
335.23
334.476
329.589
334.222
333.318
328.597
330.854
332.346
332.2
331.934
332.017
333.831
342.029
360.308
374.788
379.705
328.19
328.47
328.561
331.054
331.65
331.397
330.404
332.106
332.421
331.729
331.47
332.928
330.875
331.426
327.605
330.779
334.223
332.57
333.37
333.817
334.364
346.141
331.719
332.473
335.534
334.062
333.152
333.021
329.891
339.99
355.591
361.238
360.681
333.594
350.484
349.288
338.151
326.146
338.558
321.556
333.144
336.371
327.151
331.173
330.968
332.88
331.97
338.737
343.235
346.017
345.827
342.772
337.729
358.083
389.393
355.165
351.91
336.594
334.913
332.268
334.212
331.532
326.722
328.035
332.625
344.721
350.303
362.635
361.634
367.15
373.675
353.784
345.549
352.762
363.897
353.969
358.548
353.438
354.506
354.882
340.468
348.314
348.656
349.461
363.69
344.48
345.769
341.792
350.787
357.084
375.175
348.025
348.47
347.188
336.894
339.285
333.314
333.963
338.484
333.599
336.539
338.432
335.671
329.911
336.259
337.402
338.406
330.766
330.848
327.211
331.456
330.099
325.783
328.907
330.906
330.823
333.844
330.751
331.099
334.349
332.743
331.409
333.063
333.42
328.789
326.294
323.721
335.55
338.334
321.508
323.383
320.554
319.309
318.88
317.792
319.641
321.273
321.742
321.032
319.449
318.445
319.848
317.591
315.338
325.966
319.795
317.323
306.867
306.772
313.346
328.839
352.086
345.34
340.803
348.239
387.6
376.426
389.205
388.598
399.778
422.479
410.48
353.329
342.204
341.587
347.783
367.911
351.525
355.247
379.382
362.777
374.717
338.563
347.317
346.119
366.011
350.131
366.104
393.985
394.148
335.242
313.724
321.876
313.69
312.683
314.115
312.218
314.781
314.321
301.718
305.302
305.798
312.543
314.616
308.327
308.502
307.402
315.339
315.101
308.218
302.531
306.899
306.197
306.99
303.206
301.587
301.413
308.101
308.61
306.559
303.327
306.488
304.601
306.14
306.454
308.112
318.926
325.099
337.097
384.513
371.763
389.906
381.133
345.193
358.516
371.468
374.466
355.109
369.938
325.932
361.554
395.968
438.5
418.477
413.266
395.638
396.392
354.788
361.439
371.271
388.385
356.146
339.007
344.952
348.128
342.573
342.629
345.573
338.992
337.324
334.576
339.906
330.509
328.78
330.75
339.079
338.957
344.658
344.756
343.981
339.698
341.025
336.623
332.37
329.495
331.526
328.41
337.403
334.033
334.306
332.861
334.084
336.183
338.619
347.013
352.685
346.111
339.069
345.083
356.619
367.161
350.137
342.233
346.387
339.077
351.127
353.346
353.861
354.475
343.786
337.771
352.786
355.148
366.064
344.102
344.634
363.493
344.058
358.528
374.728
392.298
373.782
362.182
369.158
353.717
353.733
345.713
338.521
340.504
345.94
356.142
353.508
349.357
358.399
355.154
344.15
319.401
329.923
323.144
315.538
316.857
311.847
310.363
309.595
326.938
360.468
348.913
342.246
349.726
350.421
328.408
320.238
351.643
369.686
362.221
369.383
342.242
339.546
337.604
337.58
334.317
333.551
336.993
329.928
324.407
322.693
322.007
313.967
311.872
312.9
312.496
323.349
328.733
328.576
331.256
343.697
320.557
326.954
338.35
343.978
350.765
352.854
347.302
357.137
357.642
350.688
349.154
361.456
349.103
351.145
358.595
339.835
320.697
335.745
348.582
359.121
377.746
379.388
380.727
368.16
352.202
350.879
322.568
324.529
321.559
319.326
339.701
311.06
301.398
294.365
298.129
297.283
304.867
319.158
318.108
330.725
306.334
299.843
298.315
301.558
297.878
297.351
299.004
294.094
296.782
300.815
298.72
299.518
301.214
301.381
318.208
307.261
303.453
297.535
297.688
298.98
306.014
315.222
321.86
308.306
324.049
345.393
344.723
350.09
332.59
321.388
314.757
312.494
303.189
303.53
308.269
304.342
304.609
305.975
305.617
316.961
311.131
311.363
302.521
331.807
320.206
338.326
341.442
347.96
370.287
409.284
361.415
312.953
310.094
345.67
340.307
435.354
411.025
385.03
380.742
388.008
375.082
343.362
331.871
318.89
319.451
312.019
299.261
292.236
353.236
389.848
350.88
342.438
352.447
344.519
314.789
320.404
329.671
336.234
308.019
310.657
333.765
347.86
374.038
338.798
340.618
360.982
400.212
384.785
388.499
386.096
380.832
392.712
360.776
327.702
318.035
325.38
299.035
298.223
296.497
310.156
311.948
322.403
330.476
315.886
320.212
313.459
317.476
335.49
339.279
337.195
335.788
325.706
324.664
319.453
332.9
313.918
308.099
301.959
298.469
298.21
294.914
301.762
302.532
300.784
297.894
299.497
296.697
299.649
296.66
297.291
300.086
298.31
296.84
294.474
299.323
298.151
298.376
296.565
298.896
295.493
296.714
298.746
300.32
299.199
299.166
298.328
299.864
297.09
298.383
297.601
296.685
297.519
297.011
298.538
296.761
