-37.317
-27.984
-23.4163
7.53885
11.5927
30.1493
29.3496
24.0986
20.1637
11.0855
0.514013
21.9104
19.9209
23.6624
13.704
22.1245
20.4703
29.8073
27.4452
30.2609
45.9809
40.694
31.5452
38.9155
10.3269
-7.47645
-25.4421
32.1324
3.83028
2.1854
41.1352
26.822
20.1343
-6.55467
0.847456
15.0885
1.24609
-22.4361
-51.0292
-93.8129
-118.298
-153.897
-168.481
-73.8464
15.3314
19.2851
-14.5863
-39.315
-38.1346
-37.0615
-35.8417
-41.0615
-31.235
-6.49423
-43.8978
-38.1854
40.4349
144.927
94.9479
87.7066
83.6958
49.9129
40.9191
32.129
34.0797
33.4158
26.4339
15.3008
18.6527
18.3654
28.4762
28.2801
20.0175
20.5097
12.4299
15.3249
-21.7874
-44.3038
-15.6736
-21.1793
-31.871
-17.1895
-23.0341
-19.2596
-20.16
7.48689
14.3642
-22.4513
-8.59305
26.918
12.2356
-50.7594
-75.5518
-76.3082
-64.7304
-31.9299
-30.5601
-48.7602
-36.3497
19.9142
-21.4253
-0.898698
10.0466
-1.85421
-30.8813
-47.5664
-53.3013
-31.9555
-24.4921
-24.0599
-15.2773
-14.5534
-15.697
-26.8574
-24.4071
3.72402
31.2239
26.9244
51.3523
36.504
38.0498
69.5449
50.4065
18.545
52.7545
23.0282
8.75643
41.0169
42.3089
18.3634
14.0829
38.9137
7.15726
31.6582
9.86837
-11.6588
-9.53448
-55.3562
-13.2408
-4.4237
-36.9431
-85.428
-115.762
-192.173
-252.487
-159.344
-65.7824
-80.8844
-83.372
-54.2046
-67.3727
-41.3975
-35.3616
14.5732
67.0732
-7.51951
-61.306
11.5121
58.0359
38.7729
16.24
36.5251
35.0882
5.96055
32.1063
26.7221
-19.6535
-37.1284
-20.5834
0.0401694
59.6819
62.2247
-4.70884
4.21647
21.9209
58.6083
36.8736
-64.4101
-34.6117
-28.5528
-51.988
4.10147
15.7475
5.46829
-73.4242
-29.287
-18.2606
25.6555
10.7226
-13.0791
8.22374
7.34826
-17.3892
10.6254
-4.3627
25.5515
40.8082
39.3217
3.28811
-1.74527
12.9412
45.1333
5.71134
-7.78991
-2.55755
-21.4529
9.0128
24.3543
-6.98437
-17.5529
-2.72487
35.6369
33.0566
15.6615
4.47971
8.3004
-7.64
16.7434
-62.7451
-67.9723
-56.5645
-28.3568
-10.2154
12.2535
6.16328
18.0346
6.11472
14.0562
12.2831
15.5485
-12.3515
-13.0882
-13.504
-21.3669
-30.3282
-30.6105
-5.07465
1.312
-3.70325
8.74436
9.04906
14.3034
-0.832248
-1.51046
-0.292726
12.0658
25.9387
21.1763
19.921
24.5446
26.5987
21.5984
37.5892
38.3114
49.2671
40.5673
38.4768
34.3711
35.765
3.77129
1.24739
5.01269
4.10593
4.47328
-8.35536
-12.3757
0.094248
3.74164
1.5321
-35.8031
-154.945
-149.193
-250.741
-168.628
-211.381
-254.804
-116.783
-96.7296
-97.9167
-177.389
-244.68
-343.859
-307.523
-259.268
-181.887
-83.7615
-181.13
-168.619
-146.073
-100.524
-70.069
-50.5299
-35.8077
2.21718
46.0808
-105.581
-78.8381
-84.0483
-72.7277
-60.0611
-73.3751
-46.7079
-44.4452
-33.246
-14.3498
20.2447
15.4485
-24.0068
-58.0774
-67.9841
-37.8326
-42.0761
-19.9201
16.4574
-3.67941
-5.27159
-15.9321
-8.66918
-0.463668
13.1723
9.67917
-24.5801
-48.1395
-64.3644
-36.8308
-93.9664
-60.978
-76.0506
-71.9475
-54.5613
-76.2212
-93.192
-83.8643
-73.2542
-79.2187
-100.288
-62.4844
-71.8487
-43.1324
-16.84
-44.8033
-30.3072
-23.0138
-29.5198
-19.8349
-9.80422
-11.1148
-1.46914
13.3021
25.942
-4.9796
11.2738
3.24574
-109.679
-260.919
-170.925
-209.913
-247.679
-79.7374
-23.9631
-32.9178
-30.2848
-28.0359
-14.1274
10.5799
7.00559
11.3089
-17.4481
-11.7281
-11.153
-3.00524
-11.4047
-49.6833
-51.3209
-34.0698
-33.3999
-27.6967
-51.2325
-129.076
-144.548
-107.432
-126.744
-70.6769
-86.3475
-110.709
-169.464
-292.221
-140.769
-74.0845
-112.791
-148.15
-104.243
-116.521
-113.787
-146.636
-85.6003
-132.306
-167.702
-145.344
-35.8094
-94.6705
-105.854
-13.0837
-26.5977
-70.4513
-24.9688
-65.3051
-97.6841
-62.241
-68.4248
-30.4803
-84.3858
-108.484
-12.1096
7.41328
9.31486
24.2243
3.62731
33.5842
35.9864
-13.1733
-63.5064
-129.239
-185.612
-170.821
-120.146
-59.4032
23.4551
-105.402
-123.306
-99.837
-124.348
-65.8063
13.7255
4.14959
-0.850088
-29.5278
-49.5475
-68.1674
-29.2352
-25.099
-60.7901
-38.9559
-23.3047
-15.7739
-76.2459
-129.076
-128.661
-101.746
-109.268
-76.3359
-95.7239
-110.224
-133.912
-133.012
-101.039
-68.507
-88.9542
-64.823
-26.9997
-62.7423
-41.9553
-21.3321
-5.2594
0.580632
-1.09247
-10.8331
-40.1613
-48.7751
-47.1027
-29.3197
-1.79038
6.85002
15.2102
32.4285
20.2473
-20.0754
-74.1902
-151.732
-115.863
-88.5978
-90.8025
-97.148
-38.8695
-47.4985
-7.50304
33.7969
57.6493
74.633
48.9303
56.4073
41.0769
41.2258
45.7362
34.7297
59.4822
53.3626
35.5813
25.2714
27.6864
24.6222
17.7088
15.5786
16.9819
19.9163
8.37113
9.62279
32.9728
19.1126
41.6614
51.1338
20.4045
-1.57805
-18.3398
-27.5145
4.20258
32.4653
32.248
17.0047
26.2614
37.028
42.0845
36.8201
-33.4736
-115.147
-112.316
-62.402
-117.268
-79.881
-37.717
-5.11671
22.0806
23.5565
7.27146
18.9702
29.5465
23.1944
28.0037
-11.0227
-2.86346
-41.6028
-85.3278
-88.1864
-18.0744
30.2471
41.178
-24.2293
-31.1031
-55.0074
-32.812
-41.2156
-70.4125
-51.5461
-43.6859
-65.9419
-80.6069
-98.4621
-80.4278
-51.0558
-57.2169
-79.8239
-70.4713
-85.4418
-17.7635
-4.33267
-28.3546
-10.8667
3.34268
10.1528
17.5926
30.0237
25.911
16.9845
40.7661
33.871
33.5685
44.3435
49.0709
44.4986
27.412
34.4515
52.4783
67.8759
70.5258
65.5493
46.3698
32.2366
27.8908
41.76
44.1175
33.3503
35.2383
37.4864
57.7751
-12.3405
-55.5782
-50.5063
-116.576
-103.83
-85.9564
-85.2962
-137.653
-154.822
-84.4701
-112.078
-73.8388
-83.8061
-71.3657
9.81338
-33.8532
7.89076
-48.2328
-30.5086
4.9972
53.6022
-2.59405
-3.86443
19.8814
-13.2591
-23.3881
-37.9604
-53.602
-1.31917
9.27886
-36.3641
-21.2991
9.28354
62.0928
13.8767
79.1704
137.681
165.95
137.579
108.901
132.394
97.3822
20.9799
66.8596
105.573
89.8412
18.0476
90.2439
148.485
181.263
56.059
-127.572
51.4593
90.7245
10.3331
44.3867
130.981
161.416
86.0656
47.1974
112.236
130.393
157.02
75.0306
102.955
80.9618
64.5677
19.6047
1.33502
12.7673
-6.87632
25.9381
48.8087
49.6191
36.5419
49.0457
30.4831
55.7412
45.9508
43.4901
35.125
57.6638
29.1483
30.5793
72.3975
96.2281
92.3951
29.0853
90.795
10.021
31.2062
38.4436
-29.1731
-51.2426
28.1495
29.3651
81.371
59.5962
84.7068
67.5608
39.8963
16.7082
13.4902
38.0544
67.3572
79.9643
71.817
52.049
26.8113
13.4288
30.4221
-49.9564
-52.0684
-57.5689
-48.2664
-54.1202
-32.445
-11.6225
21.7143
17.2365
36.304
74.4107
71.8953
24.7025
37.0332
25.537
-19.5308
-2.23351
19.5734
-3.68851
3.90151
8.56258
-4.89404
-10.0082
-16.1949
-12.6138
-10.2654
7.69679
-19.7092
-13.9825
-17.7186
-8.25721
-45.1698
-62.4103
-87.6692
-100.826
-112.755
-101.433
-123.985
-139.466
-84.181
-153.063
-103.107
-105.156
-86.1615
-83.8961
-79.8494
-86.341
-93.3662
-70.6631
-63.4949
-69.3084
-76.5328
-74.5204
-80.1001
-65.749
-57.0493
-67.5877
-56.8561
-65.5577
-60.6311
-50.7374
-33.2276
-29.4797
-47.3226
-53.3566
-35.5585
-50.5987
-69.8914
-104.184
-101.504
-93.778
-149.489
-119.873
-120.528
-94.5857
-117.765
-63.9047
51.8109
140.786
132.296
86.956
68.7502
78.6686
-24.3573
-58.1599
-58.9946
-54.5794
-70.7836
-80.46
-81.8921
-82.8036
-136.057
-193.382
-173.859
-164.367
-133.356
-126.773
-118.486
-134.246
-96.5108
-99.4149
-100.976
-102.783
-87.942
-70.9877
-71.9413
-109.699
-59.2967
-67.8076
-72.7082
-105.754
-64.1858
-18.4799
-19.9807
-70.6181
-64.0221
-62.7416
-46.1089
-40.9623
-35.1495
-78.103
-126.147
-127.241
-175.316
-91.5577
-38.2404
-148.604
-117.549
-31.8428
-35.1387
7.18494
20.9291
27.5153
17.2871
41.3757
38.034
40.6555
25.0343
15.2322
24.7418
87.0808
84.8407
55.3257
1.23212
10.3149
45.5287
48.2256
22.7425
4.09027
-19.2144
-57.3534
-151.882
-39.0569
-19.2217
-41.3749
-38.8158
4.03794
-17.2357
-8.20477
-15.4476
-9.51561
-47.3886
-62.5235
-31.3164
-34.5834
-21.7801
-20.6348
-9.22694
-15.7029
-25.0123
-38.5861
-70.5378
-79.6768
-57.2679
-56.0022
-49.8058
-48.0805
-44.7929
-39.6227
-53.2017
-39.0692
-66.8909
-55.2446
-49.9746
-23.1502
-6.42804
-23.9791
19.1664
31.1171
49.0887
46.2107
39.1848
43.9512
38.4108
61.644
91.0702
25.1977
49.62
45.4301
26.9906
17.0079
-13.3951
-14.2583
-19.2937
-52.1338
-55.2249
-75.3276
-82.7281
-153.508
-135.69
-106.209
-111.157
-85.7061
-102.221
-105.845
-49.5254
-133.925
-88.8016
-84.5541
-16.8882
-5.0434
-14.7148
-9.32289
-2.57781
12.4939
13.4708
19.6302
25.154
28.448
-8.99839
15.1444
36.5777
19.5046
22.8267
-8.16772
-8.42339
-7.28501
-5.1748
-2.50306
5.34044
5.82385
11.7705
3.54089
-5.33048
5.66236
3.35693
-8.20819
-0.0701024
-10.5988
-17.3981
-3.94521
-9.95987
-13.9653
-18.9274
-27.7841
-32.2397
-44.3922
-35.5209
-26.8436
-9.19582
-15.9595
-2.70411
-0.38905
-14.0819
-16.0011
-12.1391
-13.4402
-10.7262
-13.8296
-8.24961
-15.2266
6.25864
-5.64338
-4.82641
-11.4811
-14.6612
-5.09153
-1.10488
13.2385
8.71144
-0.576962
0.0807723
-10.4288
-5.23178
-5.25696
-20.1136
-11.1929
-11.93
-7.70793
-6.75464
-14.5734
-17.968
-19.6885
-47.8719
-39.5424
-47.3258
-28.8939
-10.3253
-0.291314
-10.2714
7.58385
-7.41889
-16.7102
-20.9953
-24.3535
-19.6418
0.824576
9.08749
14.3499
-4.95446
-17.2997
-13.1608
-2.87612
3.50211
-4.0536
-2.30485
2.12575
1.73121
-9.92165
-5.27341
4.60284
1.96344
26.7419
18.9107
13.4312
2.29822
-3.44717
8.59951
-11.5223
-2.76634
1.59606
-10.6586
-7.69668
5.69656
18.7975
-6.35351
8.53798
8.30837
5.18073
-10.2756
-10.723
-0.610397
0.408819
15.2336
19.3341
20.3061
15.6952
11.0915
10.2775
14.1589
24.3737
18.8392
17.1373
4.08504
9.04556
4.58517
12.2487
23.2098
25.9504
23.8779
25.33
17.8373
4.27419
25.7537
25.0779
10.1444
4.82745
19.0908
7.94605
24.5829
37.0285
-1.94438
2.82946
3.9988
-3.59992
9.36168
8.13046
5.47892
-2.83237
6.8777
3.20867
-9.11183
-17.5225
-17.5702
-52.013
-47.5296
-47.028
-32.0755
-27.3697
-20.7361
-18.306
4.83889
-32.0036
-43.2456
-35.8804
-14.0914
-26.167
-42.2743
-46.394
-26.0824
-10.3665
-15.0282
-19.7204
-9.60161
8.3951
12.61
25.055
22.0119
27.8755
25.9105
30.1036
33.4547
30.5026
23.3028
20.806
21.4511
18.1607
11.8455
15.0133
9.1416
32.0838
26.4704
28.6881
36.3666
28.3556
34.6954
30.1798
29.2654
26.6808
34.8425
35.7805
-0.878261
-40.291
25.5943
40.4583
22.1752
40.864
32.9469
39.1461
47.0746
32.9427
42.4079
55.7644
68.9706
64.2536
57.5447
47.3038
54.7879
57.939
54.0022
53.7771
68.9133
50.9538
45.5534
45.5686
49.0639
55.6847
57.6897
63.2574
54.9987
56.6685
47.9949
43.8513
57.5068
59.9358
63.514
60.5115
74.2879
72.9021
74.5311
59.1
58.3953
53.0358
60.4337
60.1098
54.2067
56.4933
30.3726
34.4491
13.8148
-0.771011
-13.3942
-35.1412
-16.3942
-36.8752
-40.2834
-47.2453
-43.7378
4.60611
18.9678
19.9928
15.7612
23.2065
-2.61017
-1.02529
-1.26547
21.7756
24.7287
-47.1161
-63.5043
-67.3547
-54.6809
-52.2666
-71.9674
-61.6253
-50.4445
-61.7134
-72.4548
-51.3213
-37.147
-39.7613
-62.3533
-84.4372
-11.4127
40.0341
56.2911
52.829
43.2859
50.7358
31.8477
7.88127
44.3794
42.7309
66.3374
59.3079
30.339
12.9178
24.2691
9.02455
19.7954
10.1932
0.130451
0.623942
3.5956
-1.46888
2.05359
-0.0926166
-10.1498
-13.3138
20.5417
-3.01701
30.6095
17.4228
25.4111
35.1032
6.61951
25.5078
23.5233
11.4711
29.1163
29.9349
1.98898
-1.27661
16.4501
44.3236
-6.6407
14.7749
29.3144
52.6248
43.6765
61.4931
80.6707
60.9098
77.8579
86.2199
81.2123
22.8036
-4.43698
91.2096
93.4682
107.99
100.62
102.172
81.985
82.2654
88.0478
89.8144
58.4998
64.6518
84.0418
78.1671
87.3565
91.6202
45.8272
71.4538
83.4299
11.1501
11.8604
67.0297
42.1208
42.9792
44.1735
25.9928
13.6903
28.2728
15.9348
72.5536
79.5169
68.3224
66.8962
75.5002
70.9922
61.7149
87.4477
70.3407
66.8123
71.0782
68.5541
59.0296
59.2792
68.5539
73.6216
74.8677
88.8631
14.4393
11.7822
14.7072
51.8887
82.8424
55.2227
61.4059
49.1005
49.2678
58.0014
48.7451
66.5564
52.1433
48.7012
39.4162
20.8565
-0.599192
24.4615
29.6402
52.4083
60.399
57.096
17.2361
14.1044
17.8885
-18.2594
5.50546
1.20542
-8.11724
-12.8983
10.1274
33.4941
7.98774
-113.53
-103.132
-67.4124
-46.1962
-46.7513
-47.4295
-22.841
-27.5852
-25.8861
-44.8546
-21.7917
-18.5113
-25.6055
0.840418
-5.0958
-9.33538
-4.78363
-12.7861
-28.1109
-22.276
-17.9248
-21.4347
-31.5246
-49.6922
-63.8165
-55.5279
-50.8674
-68.6351
-48.3908
-48.4469
-47.2572
-20.7137
-15.8647
-41.9971
-61.3011
-57.3223
-59.2969
-27.9784
-11.9849
-19.3628
-24.5284
-32.4661
-52.857
-39.0248
-25.7928
-30.421
-21.7261
-25.5685
-5.39528
-15.1722
26.8169
42.353
35.3977
27.5376
22.3104
28.8873
40.1931
32.7966
9.85398
9.94336
19.6494
51.354
42.4918
20.3792
14.1487
-44.6636
-8.85803
-25.9755
-41.2022
-68.6823
-44.9271
-42.6655
-48.2537
-44.8819
-48.1392
-49.9771
-48.3172
-49.4849
-21.3669
-66.6426
-103.287
-71.1398
-48.5161
-33.1249
15.4906
25.1233
25.8274
24.0899
14.8414
0.869124
7.64583
-32.3801
-18.3266
-42.2966
-102.171
-174.561
-221.956
-205.658
49.3991
39.6593
34.8441
17.0942
7.44115
14.6331
13.5393
9.84452
33.5237
51.879
49.0755
26.8232
28.1631
27.2186
32.1647
17.6206
23.327
13.6626
10.1275
10.9394
-0.283505
-47.2387
43.0182
46.3045
32.6336
39.8485
38.6961
37.3667
33.3842
14.3112
-5.38274
5.42381
-9.83955
34.4978
12.7653
17.0306
29.5867
55.0686
35.9425
72.168
50.1773
46.8679
66.2589
58.5936
44.503
40.2833
39.5014
19.0261
2.56546
11.714
11.6085
2.71484
-1.75037
-2.79426
-18.18
15.5105
-8.25956
13.7608
26.4131
9.14867
-20.5123
-4.00699
17.2358
9.36868
-20.0076
-97.0873
-92.9553
22.5127
15.266
10.36
9.15042
22.2901
23.7082
23.2314
15.1937
26.7739
12.9411
13.1153
21.4302
29.0303
28.5317
28.6039
21.6203
23.4052
17.8881
18.9437
17.3534
20.7363
20.2183
13.4961
7.39367
18.5447
20.1467
24.0567
19.5198
23.0417
21.5015
22.8849
26.0484
32.1291
32.8384
22.5707
33.1742
40.5387
25.3639
25.6139
28.6671
29.8728
28.3703
31.2004
34.9913
31.5274
31.0583
34.9285
38.9413
38.9129
38.649
39.1483
36.6981
35.3318
35.0421
34.4991
37.582
29.5762
36.084
35.2684
38.0154
30.5998
19.0992
45.6949
49.8374
48.2973
38.2004
46.3601
59.6435
46.7713
44.2487
40.9422
31.0567
12.0039
3.29583
-13.2462
-7.46115
-13.6019
-19.059
-13.4185
-13.2806
-40.1996
-16.3377
-5.2156
-81.8202
-136.604
-186.291
-181.289
-178.231
-248.158
-263.847
-258.647
-214.028
-220.871
-292.445
-286.304
-178.298
-190.475
-182.796
-215.042
-242.004
-199.661
-192.18
-212.436
-198.34
-201.489
-156.066
-87.8796
-23.9134
-26.2389
-22.518
-0.963356
-60.9434
-37.0268
-74.4911
-93.3198
-104.531
-96.0912
-69.6553
-81.9865
-76.0902
-79.184
-58.0982
-13.9449
-17.9912
-40.355
-49.4503
-66.7922
-53.6949
-50.603
-67.1764
-67.5975
-90.948
-46.4305
-27.045
-33.9997
-24.1922
-31.0585
-2.73033
-1.77654
9.44471
-21.6453
-46.2705
-54.1204
-9.39722
3.99917
-28.303
-35.4686
-41.8732
-50.3921
-78.1994
-67.4164
-84.7323
-168.873
-170.785
-184.096
-143.809
-139.882
-130.378
-135.123
-143.593
-128.908
-135.19
-72.088
-120.331
-174.31
-226.684
-216.193
-216.639
-188.052
-191.377
-116.728
-136.418
-137.173
-172.37
-136.275
-115.553
-121.946
-126.727
-109.103
-103.493
-111.297
-92.8436
-84.0396
-84.2073
-81.8473
-69.2527
-68.8901
-90.466
-75.3512
-77.2043
-90.9855
-90.9201
-82.1539
-68.6708
-66.3132
-59.6988
-60.485
-68.3345
-56.7991
-36.4281
-93.8471
-84.3564
-80.9737
-76.0623
-89.3558
-93.6884
-109.87
-125.347
-125.334
-119.002
-109.218
-28.1533
-116.62
-151.549
-106.195
-108.925
-98.9838
-77.9727
-103.969
-124.286
-106.577
-85.5917
-100.039
-77.3579
-26.9351
-56.1427
-89.8029
-79.8012
-83.1345
-99.7483
-103.726
-114.003
-102.824
-68.4878
-68.9091
-62.0993
-59.2068
-58.7198
-112.584
-81.6181
-22.6407
-14.4779
-37.0831
-126.765
-126.917
-136.077
-175.291
-174.006
-148.44
-120.539
-120.786
-123.574
-79.35
-84.6567
-59.6633
-67.1021
-68.8446
-37.665
1.03421
-2.20436
-54.6671
-69.5852
-82.8824
-85.0742
-65.6656
-140.922
-145.182
-136.262
-135.708
-103.818
-114.406
-104.95
-105.195
-125.845
-133.358
-86.9433
-113.842
-97.8975
-99.0888
-73.4239
-86.9518
-76.0397
-98.487
-90.0233
-127.06
-144.599
-143.594
-167.44
-184.686
-139.943
-156.492
-151.477
-194.704
-215.027
-213.612
-203.369
-242.218
-242.822
-236.048
-219.464
-242.197
-218.066
-234.49
-248.438
-204.764
-155.854
-201.033
-184.104
-210.672
-273.386
-259.92
-257.186
-238.281
-182.072
-209.098
-133.07
-91.0778
-128.021
-114.626
-72.876
-111.581
-70.6704
-27.6846
-32.9835
-36.7132
-41.5362
-20.7796
-52.7824
-77.7324
-60.1801
-23.4202
-44.1705
-52.1794
-48.7875
-70.5612
-65.7216
-29.8027
-48.715
-21.4005
-66.1699
-78.3333
-54.2633
-65.6693
-52.9571
-66.1723
-39.2845
-62.1459
-70.8089
-80.6901
-112.588
-141.44
-159.5
-115.851
-159.494
-125.026
2.10044
-10.946
-44.7234
-80.175
-45.7532
-56.7061
-44.148
-66.5939
-101.737
-83.2934
-83.7529
-79.9705
-86.5087
-91.6681
-83.4078
-92.3288
-20.4283
-122.074
-92.3173
-71.2607
-43.8461
-36.8205
-70.9744
-62.483
-59.537
-46.9243
-66.8224
-95.0559
-107.292
-34.8879
-204.882
-261.07
-233.861
-259.057
-257.556
-171.29
-165.58
-164.002
-112.828
-79.5798
-59.302
-10.2213
-151.324
-253.598
-237.478
-238.033
-248.563
-223.831
-168.477
-151.254
-126.069
-99.4537
-97.1346
-108.978
-110.148
-145.373
-63.9603
-177.334
-140.522
-103.746
-179.297
-116.313
-148.982
-219.564
-199.65
-196.932
-166.047
-196.192
-185.859
-183.836
-82.9867
-95.6471
-98.8966
-157.762
-150.618
-178.458
-191.093
-171.455
-193.33
-173.439
-189.664
-222.476
-234.939
-234.017
-226.695
-203.565
-201.788
-187.418
-190.645
-144.119
-134.542
-113.448
-78.0475
-78.2757
14.1872
25.222
22.9115
22.3491
30.7458
32.2815
30.6465
35.0019
30.091
32.5462
27.3293
30.7188
23.3326
24.4658
15.0242
12.0746
19.8432
11.6182
10.4712
13.8464
7.61946
9.82896
12.9184
16.3149
-7.73597
-21.9975
-4.71513
-1.98342
-10.8326
13.0995
12.7937
10.5588
6.37376
11.5301
14.6675
