22.8795
-2.07406
-5.20663
-34.2858
-25.6351
-18.8776
-31.5967
-26.1806
-14.6611
-8.00393
13.4785
-16.1981
-8.6901
-8.86827
-8.62603
14.1019
-15.5769
-8.19915
-8.24045
10.5842
-13.3993
-14.8949
19.735
6.6666
0.328783
0.105806
-7.14282
-48.3557
-17.6858
-11.6529
-40.1634
-19.064
10.2196
19.19
8.99919
13.5934
28.5344
70.1937
84.9441
108.749
142.343
176.261
181.402
89.6458
-7.64872
-27.2243
34.209
61.0416
48.9121
36.0285
34.2729
39.6256
26.7862
-4.4752
65.0404
57.1066
-72.1351
-238.765
-152.509
-145.766
-113.669
-53.5928
-41.7385
-38.7791
-27.6008
-18.23
3.43482
-14.1372
-8.67883
5.29815
23.2395
-6.8902
4.72385
14.9837
1.66094
17.3982
47.2212
32.7397
97.3748
88.8933
16.8567
-20.8762
-37.8874
-59.8499
-81.7232
-122.922
-134.217
-108.985
-154.999
-239.496
-205.088
-94.4885
-70.134
-99.7376
-92.9796
-139.257
-174.589
-155.663
-110.52
-137.371
-80.647
-67.0958
-106.314
-107.904
-10.6942
49.527
75.5892
45.4393
54.0844
2.41502
-25.6168
-31.0668
-42.3838
-30.3802
-29.3258
-51.015
-82.3144
-99.9737
-122.785
-150.224
-141.712
-197.872
-181.273
-142.775
-152.506
-140.069
-122.287
-114.962
-130.71
-134.45
-132.093
-136.805
-114.835
-125.53
-144.625
-127.982
-137.282
-121.311
-147.059
-96.8786
-42.0509
50.1186
27.8377
25.1927
-2.85545
41.4175
60.7237
58.6188
-25.0943
-41.7739
-39.5198
-29.4196
-97.1199
-229.51
-351.85
-170.032
-167.532
-364.821
-432.831
-413.195
-433.755
-454.254
-426.516
-372.173
-464.452
-411.587
-100.155
-256.106
-305.316
-387.682
-197.392
-374.999
-375.671
-371.956
-375.528
-388.848
-357.603
-382.258
-411.471
-411.42
-424.557
-371.416
-347.184
-416.388
-509.915
-481.195
-484.22
-452.583
-453.058
-450.652
-424.391
-439.673
-417.45
-351.039
-452.287
-399.686
-412.331
-396.891
-438.637
-379.315
-340.818
-369.539
-386.239
-425.478
-432.578
-462.149
-481.183
-419.727
-233.171
-204.217
-310.826
-377.226
-393.785
-353.648
-393.086
-392.933
-378.03
-385.143
-415.902
-462.984
-434.364
-319.972
-89.5768
-121.475
-164.641
-172.483
-132.231
-133.088
-131.155
-139.343
-162.87
-156.841
-168.762
-177.953
-189.441
-181.187
-156.311
-145.751
-124.614
-134.961
-168.374
-203.613
-133.279
-117.702
-140.128
-190.514
-228.13
-181.66
-194.283
-220.132
-191.787
-138.978
-243.258
-296.982
-303.251
-311.191
-348.933
-277.043
-149.632
-78.1753
-56.8
-64.6491
-66.3554
-20.5919
21.2184
41.0204
68.8475
-9.53637
-83.4422
-1.54062
368.254
353.77
314.291
283.843
228.644
158.394
206.587
172.487
-7.68597
123.77
78.501
132.675
82.0798
28.9574
-113.625
-183.368
-210.102
-167.188
-143.087
-245.434
-255.07
-282.618
-340.516
-382.295
-357.343
-409.724
-317.222
-249.52
-105.324
-42.7959
-21.963
-18.262
-42.4891
-50.7434
-31.795
-89.4787
-129.877
-135.902
-137.259
-126.164
-149.349
-143.474
-125.462
-136.33
-95.3434
-120.968
-80.3783
-69.4073
-115.236
-99.2968
-77.8009
-77.1928
-89.4873
-98.6289
-75.8852
7.82903
-48.4223
-76.7184
-100.391
-81.3528
-118.494
-140.098
-48.0947
-78.5802
-134.816
-150.477
-42.4077
45.4531
-17.8757
-2.47022
158.297
66.666
67.7223
101.256
89.3548
55.949
48.772
107.247
88.8079
28.6886
76.1663
61.9099
7.72191
57.785
66.934
66.8942
-0.147941
0.355853
83.3192
18.6486
0.651829
37.7422
59.4176
13.0241
73.1211
-14.8285
-44.569
-12.6765
-4.39467
-21.0825
-121.451
-145.995
-158.897
-150.86
-154.243
-143.822
-172.177
-19.3686
413.823
385.498
318.985
283.192
289.793
211.992
185.527
195.259
187.307
152.646
179.237
231.614
236.138
171.252
188.367
211.335
232.618
160.267
240.186
256.825
211.775
114.375
155.334
151.875
85.7894
56.2829
51.0216
42.3955
0.484407
250.087
257.816
218.436
0.490998
-221.753
-183.622
85.3421
48.6743
-24.3568
6.62781
57.6643
13.4736
-24.6464
96.2182
115.753
103.157
66.2703
-90.5618
-181.219
-323.885
-348.815
-150.833
-101.692
-121.54
-69.4133
-40.795
-163.813
-150.869
-144.067
-117.225
-96.8365
-68.459
-121.614
-132.8
-101.265
-180.357
-204.327
-243.63
-157.03
-101.415
-123.796
-117.607
-96.9693
-109.332
-139.937
-148.39
-130.577
-138.26
-137.501
-87.0639
-85.0434
-93.2242
-94.0545
-81.74
-89.4806
-57.8654
-30.3739
-21.2084
-25.4447
-39.0354
-56.9622
-52.7443
-54.4608
-56.3001
-83.9861
-78.1285
-101.348
-92.1775
-84.7035
-42.1794
-0.103754
67.6938
32.7273
-36.9582
-43.3304
-37.0622
-95.7058
-150.536
-210.251
-243.227
-239.116
-198.493
-173.143
-189.316
-204.382
-228.748
-222.72
-222.364
-207.938
-203.714
-189.535
-169.541
-176.541
-197.6
-194.319
-176.895
-154.723
-161.23
-163.042
-157.442
-172.688
-132.033
-162.275
-187.12
-216.075
-205.852
-213.118
-227.706
-147.902
-104.725
-151.61
-131.139
-114.219
-71.4445
-45.6315
-38.3301
-127.294
-225.333
-233.002
-184.451
-189.316
-157.64
-140.877
-83.0627
-113.378
-86.7798
-40.2425
-29.2149
-27.4501
-62.3947
-97.014
-240.346
-210.483
-165.855
-51.6598
-8.31049
11.2364
22.1545
-54.0956
-82.9309
-87.9255
-79.3493
-98.2596
-19.6342
-14.8914
-20.087
-48.4699
-0.0909937
12.9738
-12.7222
-20.2105
-2.64814
13.5657
48.3987
3.12877
-5.16688
-11.0661
-4.73783
-73.2321
-159.936
-154.729
-197.018
-151.025
-111.725
-102.842
-92.3701
-92.8191
-87.244
-92.5352
-111.969
-95.8735
-16.1519
71.4195
25.2451
-168.886
-176.969
-157
-118.13
-7.09357
9.97416
64.3075
53.2119
35.976
53.4296
51.831
46.766
13.1009
-158.834
-238.335
-255.238
-312.173
-306.548
-292.823
-300.497
-353.118
-348.396
-344.409
-364.792
-352.293
-382.443
-349.356
-320.794
-310.967
-313.081
-277.712
-292.039
-297.837
-303.151
-238.824
-212.803
-223.05
-95.4292
-137.832
-148.119
-168.045
-228.667
-250.284
-207.923
-258.051
-294.54
-312.262
-351.272
-400.406
-409.612
-440.565
-369.552
-342.508
-327.866
-361.746
-318.954
-294.713
-340.22
-410.034
-460.099
-517.737
-477.236
-350.211
-348.531
-404.516
-407.268
-412.133
-376.372
-355.019
-368.325
-415.132
-435.065
-394.983
-332.556
-354.581
-266.564
-323.394
-189.253
-193.094
-181.171
-205.842
-202.378
-205.445
-200.178
-226.091
-260.147
-250.617
-224.088
-207.537
-222.269
-231.837
-229.655
-189.93
-182.593
-212.663
-155.977
-123.367
-156.224
-197.871
-221.224
-215.571
-323.802
-190.15
-163.806
-237.019
-221.552
-245.727
-249.942
-273.434
-315.394
-251.897
-254.508
-259.185
-218.546
-208.94
-238.057
-269.35
-256.939
-253.814
-237.614
-198.713
-186.171
-181.651
-173.978
-36.4237
49.868
20.068
-43.5838
-92.0202
-151.889
-165.165
-215.16
-199.941
-276.002
-310.877
-268.4
-118.351
-108.294
-164.576
-56.7047
-61.88
-71.6856
-83.6857
-82.7276
-60.8463
-64.4407
-29.6867
22.9125
25.1246
-13.2934
-78.2716
-70.8964
-71.1607
-45.6869
-57.0099
43.9509
85.2517
71.4688
149.959
130.02
75.3072
68.5873
26.41
-38.357
40.4004
11.3043
23.384
44.7125
31.0923
78.3318
128.232
111.514
62.4565
84.911
70.6953
57.4894
60.1206
56.8747
5.30918
-7.13952
-53.436
-78.1901
-107.774
-112.215
-73.9486
-78.5106
-96.1743
-58.7479
-79.0819
-135.09
-111.051
-72.7153
50.7397
54.9992
29.9435
38.2395
23.2056
-28.8269
-52.6299
-32.9571
-95.2774
-213.292
-348.699
-313.166
-264.704
-215.512
-209.356
-131.719
-54.4514
-34.1539
-21.1611
-54.5331
-73.2367
-89.4879
-74.7274
-70.7597
-87.6428
-98.3892
-74.6141
-67.095
-67.428
-45.8022
-71.4796
-66.8264
-74.6896
-90.0397
-96.1162
-59.7715
-83.0499
-78.7022
-49.0522
-10.3483
2.04313
-10.1404
-17.3497
-3.87954
15.9937
54.0875
11.138
19.1346
40.9581
58.7435
49.0289
43.8913
19.0043
-38.1468
42.4227
25.9552
95.3108
95.8936
-52.1959
2.10121
15.0772
18.8681
56.1292
92.9221
23.2567
4.70599
-53.7838
-106.979
-123.928
-132.875
-99.1736
-86.4833
-105.102
-104.383
-84.6004
-60.1557
-0.6706
-26.8599
7.98396
-13.2457
-10.5069
4.93887
-35.6011
-113.467
-4.37311
-9.28953
-21.3133
-12.0185
-54.9937
-33.2162
-41.8803
-11.989
-13.9448
-5.96134
-16.8828
-8.31875
-12.9747
10.6713
28.3967
51.9539
53.7325
44.9749
34.6261
-7.69719
-32.8154
-36.7936
-34.4042
-62.6399
-16.7332
24.3316
-21.598
-44.6179
-52.2021
23.2662
27.0094
9.73277
-49.2181
-65.1434
-29.2493
-130.477
-202.738
-215.461
-192.896
-184.211
-198.626
-201.562
-223.156
-258.928
-213.678
-274.626
-294.561
-284.447
-249.653
-137.11
-131.28
-109.082
27.2778
57.3863
142.296
116.653
191.575
177.637
132.838
129.874
99.6491
125.912
101.048
13.5149
94.8594
59.1499
40.7797
-88.8139
-182.286
-171.131
-154.849
-137.37
-110.795
-115.418
-134.398
-134.735
-121.964
-87.3787
-107.393
-130.894
-113.205
-137.217
10.6794
12.5199
34.4569
44.5794
21.7632
18.6163
24.3742
22.2458
55.1009
73.81
70.8574
81.2059
89.1611
72.8559
91.4152
101.241
98.1835
131.331
134.331
147.615
165.157
166.311
93.3605
65.7555
95.7363
62.6045
37.3112
-10.4785
0.610713
14.8465
48.6358
49.9547
49.717
37.8126
55.379
55.4279
21.9839
-4.12982
1.52887
-5.40173
3.44592
15.6023
22.7403
23.4925
10.7235
18.3002
2.03353
-2.00185
9.0362
1.75061
5.92126
29.6793
45.9607
78.6046
97.7153
63.0326
78.8165
140.494
112.962
115.78
120.654
189.07
76.7311
24.8742
4.98588
-11.2289
27.6828
7.83182
5.53747
46.2144
35.6952
72.3416
86.6557
76.9251
97.427
64.6606
52.8301
66.4792
37.3401
-36.0257
-25.2883
-39.9716
-20.5964
-82.8416
18.5167
100.279
83.2633
61.7652
49.7529
32.7178
50.1515
43.1828
38.8417
31.7685
40.8302
36.0227
29.189
35.7606
26.9315
21.5747
12.2674
21.1875
-12.7992
-3.72743
-13.5162
18.2835
16.8879
-6.74319
15.3987
-14.8506
-31.1113
-42.7278
-18.6017
-18.3464
14.0559
-10.6511
-10.2703
-10.4263
-2.88413
6.40816
16.7471
8.90079
8.48626
-5.83476
-27.5738
-26.407
-5.12984
-21.6664
-0.568458
-28.7285
-28.0502
-48.8136
-42.8569
-50.7733
-70.6899
-103.66
-118.069
-71.887
-83.0415
-118.123
-91.7528
-78.7895
-56.9529
-51.6116
-42.9075
-51.574
-20.9714
-17.9214
117.707
115.847
105.309
110.272
118.419
78.3715
54.9069
25.2929
51.7892
-1.47923
52.1719
60.1249
24.8319
-31.551
-3.52452
22.9783
14.3934
-16.7142
-37.0778
-18.8209
-19.1735
-18.1375
-43.3751
-50.7985
-70.4614
-71.7522
-89.2659
-95.6476
-96.7883
-96.3795
-82.2276
-64.8741
-78.7309
-80.7529
-74.956
-77.0983
-88.4395
-102.715
-116.571
-79.0723
-69.9979
-75.269
-70.6038
-82.6149
-78.14
-60.2211
-58.7137
-82.3054
-86.473
-79.2006
-47.2604
-61.6082
-65.0372
-66.7698
-74.1627
-76.8438
-79.8114
-76.2106
-94.9739
-58.7842
-74.9587
-117.518
-113.122
-103.981
-84.848
-102.604
-105.185
-102.166
-85.1556
-101.988
-79.2671
-68.1396
-55.1023
-67.263
-47.2595
-31.9196
-56.2558
-76.3613
-84.0462
-94.2938
-40.6231
-67.8009
-51.8582
-64.169
-79.3216
-97.4535
-84.3475
-84.1643
-39.7747
-33.8367
-23.5844
-40.4055
-28.2795
-23.9053
-45.6745
7.70316
-20.3965
-38.3587
-0.0117015
-4.15042
-8.91537
-17.4099
10.8959
-8.19974
-15.5077
-36.6327
-52.4491
-66.779
-82.0259
-84.3921
-94.4053
-92.2711
-79.6216
-68.5301
-63.4375
-63.2729
-104.693
-91.7891
-95.9703
-102.84
-97.9793
-108.326
-106.659
-100.067
-124.967
-137.303
-140.063
-127.633
-130.156
-128.738
-126.559
-109.012
-132.098
-140.458
-113.987
-119.32
-97.5518
-68.4226
-19.3255
-39.4677
-23.8976
-31.1991
-16.6287
39.8093
93.4246
84.5859
154.496
93.7327
125.143
169.428
147.489
115.511
118.48
110.194
113.68
112.313
139.57
28.087
60.6521
4.45027
63.6874
67.409
112.642
211.537
113.512
92.9246
114.559
36.1214
-0.277846
-27.0713
-86.5879
-29.8713
-55.6305
-52.314
-81.3799
-103.893
-48.3113
-29.7126
-68.7624
-96.2664
-62.6587
-72.6765
-100.698
-76.3298
-165.957
-177.635
-155.341
-183.814
-196.555
-170.62
-139.629
-106.106
-96.7085
-83.3963
-104.221
-80.2124
-64.6304
-97.2131
-78.9326
-86.4312
-74.65
21.9846
-27.1559
-24.9566
160.942
190.289
25.345
104.984
87.228
93.2106
171.847
194.361
159.893
183.998
-165.806
-142.393
-125.599
-146.204
-183.179
-153.362
-140.463
-114.526
-116.66
-100.152
-89.4624
-87.1466
-86.0037
-50.9742
-66.4089
-84.6302
-107.944
-108.737
-110.581
-124.466
-57.4072
-57.4631
-107.155
-114.683
-89.9504
-76.297
-88.9449
-91.7415
-26.7648
-48.7856
-39.52
-31.076
-18.5294
-22.7474
-30.6182
-70.7888
-79.125
-94.5617
-76.0518
-55.4864
-31.1494
-22.7228
-56.3515
-40.6521
-74.0493
-75.6977
-63.8448
-96.2883
-119.623
-153.151
-148.894
-101.438
-98.5086
-78.4802
-6.60462
-12.4097
-22.1451
-7.91344
3.792
-15.0313
-18.817
-1.09796
-3.53706
0.188675
11.9797
19.7283
-0.16092
-0.42621
55.9516
65.8803
100.151
118.378
31.1313
-2.55332
44.7058
54.783
41.4534
29.7881
24.3522
-6.54393
-57.212
-40.8606
-51.9237
-39.9018
-38.4287
-93.4754
-95.4018
-136.257
-96.4912
-32.3911
40.5873
60.584
2.37336
-16.7231
-47.3468
-36.357
68.022
73.4932
70.4137
47.283
23.2511
-21.6676
-17.5367
-28.0121
-22.4573
-11.3511
-45.2922
-71.0536
-78.3172
-40.8541
-46.4369
-6.87673
39.2031
52.9434
64.3397
65.568
86.9272
158.922
137.826
100.145
77.0022
64.4876
46.2552
27.5375
37.7384
23.3471
23.4284
15.9881
-22.0928
-60.8499
-38.4938
-39.2354
-58.6039
-62.7355
-48.5585
-45.0621
-61.2383
-55.6176
-35.9999
-18.1558
-19.2514
-8.43385
-20.6414
-38.7978
18.8349
-8.73717
-34.3287
-53.9898
-53.1043
-6.38127
-11.8398
3.7016
-2.38584
-13.9353
-33.8828
3.82903
23.5322
-34.0701
-42.6617
-34.5493
10.2938
-20.254
-11.8877
-28.6254
-32.8606
-63.6231
-47.4194
-48.3846
-28.557
38.7884
77.4147
10.1381
32.1915
60.8681
43.7439
36.7835
44.2097
37.7048
77.7218
130.97
151.803
145.05
74.0119
113.052
125.355
73.2759
-21.0375
60.1443
11.8954
68.1452
80.3112
29.8719
30.8343
45.4527
36.7185
48.9257
83.663
100.238
114.016
115.18
97.9243
67.6628
138.882
206.687
150.568
121.613
70.7893
84.5052
48.9632
26.1566
18.7133
-5.56742
-21.1711
-47.6102
1.1886
22.0093
173.341
174.955
175.872
184.25
138.471
124.393
140.689
170.339
160.834
146.463
152.12
150.355
155.096
119.943
129.83
143.959
132.475
176.194
111.851
113.278
106.907
130.157
146.983
199.521
136.08
134.307
118.908
96.1499
94.7155
90.2072
82.2857
85.7405
81.3122
85.5311
98.02
88.0888
82.4074
96.242
100.718
107.723
96.9228
73.3452
56.6541
75.3334
64.1132
65.2114
61.1348
75.0695
78.96
80.8792
76.9693
79.0958
78.3082
79.3109
88.4996
84.4689
86.8852
72.9902
64.9027
52.0012
81.8825
120.635
20.573
12.9931
11.9324
2.41128
-12.0922
-37.8299
-24.3456
-44.56
-24.4699
6.98549
-2.49397
-44.4257
-38.4821
-15.1213
24.1301
73.0111
62.7287
23.4131
6.4722
20.0313
50.7046
30.5922
-160.745
-98.9442
-111.283
-99.4846
-125.646
-85.1476
-127.436
-195.741
-222.521
-154.421
-41.7253
-74.6389
-88.1654
-99.0415
-98.0684
-149.316
-125.226
-174.28
-207.583
-157.17
-170.383
-144.599
-189.474
-192.477
-249.822
-233.885
-267.789
-297.533
-294.099
-169.007
-83.3705
-113.212
-8.86989
-83.7769
17.6077
50.7774
50.8949
-29.4536
3.43157
29.1396
31.9662
57.4682
63.6907
40.4861
33.7743
21.9729
44.8167
4.62058
6.47569
-0.297697
16.3218
17.8838
21.1474
21.6803
3.12446
-52.637
-85.8764
-85.2085
-56.8698
-68.89
-88.6944
-75.1684
-86.642
-75.5238
-87.7339
-118.784
-144.574
-179.324
-245.365
-227.25
-248.295
-228.031
-178.339
-210.484
-237.252
-238.421
-208.987
-227.554
-169.03
-219.213
-261.091
-281.906
-263.336
-261.289
-248.364
-248.715
-216.535
-219.506
-236.338
-248.348
-205.278
-176.318
-191.017
-199.72
-195.876
-195.131
-200.949
-188.52
-187.767
-187.002
-201.735
-175.876
-171.093
-174.918
-196.333
-198.365
-207.203
-209.009
-206.664
-202.863
-203.629
-193.429
-176.544
-174.048
-179.821
-178.939
-182.611
-179.425
-184.503
-178.522
-178.881
-180.167
-184.987
-195.45
-210.97
-202.16
-189.119
-222.906
-223.551
-222.779
-215.776
-195.919
-207.143
-197.736
-218.24
-215.459
-225.348
-234.933
-203.603
-199.126
-245.311
-246.288
-256.208
-215.029
-213.221
-241.072
-198.284
-232.408
-266.69
-302.866
-277.703
-260.487
-271.129
-244.405
-230.898
-220.078
-216.73
-221.16
-225.021
-222.247
-219.419
-204.661
-199.378
-192.334
-170.545
-105.762
-148.461
-129.834
-136.202
-129.38
-129.826
-119.564
-92.5959
-182.373
-262.011
-240.849
-223.418
-238.172
-236.256
-170.759
-164.914
-203.486
-239.865
-233.935
-248.467
-209.46
-199.924
-195.425
-205.215
-183.574
-171.892
-206.656
-180.768
-166.408
-161.325
-169.868
-137.587
-140.279
-120.25
-126.276
-146.405
-148.928
-146.923
-130.936
-153.493
-114.609
-130.627
-181.221
-159.591
-163.18
-163.851
-162.042
-149.584
-156.639
-143.269
-150.682
-160.103
-145.753
-139.412
-146.778
-136.717
-110.441
-127.222
-178.227
-169.235
-153.394
-177.261
-179.833
-172.627
-181.295
-150.87
-122.103
-156.859
-112.336
-138.811
-178.763
23.4204
-15.1005
-13.2525
-2.04691
-38.8937
-3.57664
109.886
102.342
125.27
56.4058
52.3607
20.6073
25.7812
5.71403
-33.4001
-55.7721
-13.2988
-58.1306
-106.319
-63.6618
-49.6255
-30.7524
24.5899
86.1794
43.9733
29.7876
-33.0268
-51.6387
-40.3056
-53.6456
-72.7259
-85.2287
-60.0869
-120.344
-60.3389
163.91
174.094
124.205
70.0216
77.6245
57.5684
31.1454
28.5204
-22.539
5.66963
28.0753
17.389
-76.1665
-130.186
-119.286
-112.694
15.448
-105.498
71.8341
63.2976
148.927
163.77
203.354
253.307
193.293
98.5451
-43.9787
-170.919
-156.613
-355.927
-246.878
-197.192
-209.755
-192.174
-153.096
-174.962
-143.183
-42.1852
-150.382
-124.733
-90.8327
-32.3691
-55.449
60.0332
4.68583
-54.3545
-2.19797
-71.4569
-73.7868
-126.253
-183.066
-193.015
-86.5094
-119.054
-169.513
-163.242
-293.452
-150.171
-193.728
-255.183
-282.848
-297.262
-280.263
-244.878
-251.866
-262.041
-218.682
-73.0329
-75.8832
-96.8494
-13.5531
-30.349
-47.7861
-50.4711
-87.6218
-87.7536
-129.007
-72.6689
-61.117
-70.998
-40.0009
-100.196
-71.6234
-68.3583
-59.3595
-67.2329
-44.3574
-78.4085
-135.769
-113.014
-90.5765
-91.9347
-46.4688
-47.9888
16.7305
30.5012
25.8951
18.4284
1.73207
5.60565
0.326289
2.33036
-13.6856
-27.4619
-19.685
-14.8403
-10.8358
6.42533
16.4138
4.07344
16.4381
13.2602
17.5003
-22.02
-4.14486
10.7137
13.8683
8.13909
-18.4569
-20.5918
-15.4532
-21.9111
-29.2299
-30.8969
-38.6113
-35.6969
-32.5177
-47.8695
-40.1021
